Airfoil 140
1.00000000000000000000 -0.02049315980091880000
0.99479449301987700000 -0.02025342031855860000
0.98959075824675900000 -0.01997740743696770000
0.98438983225455500000 -0.01965288958402350000
0.97919214973554900000 -0.01928028138928950000
0.97399781100334500000 -0.01886338139457300000
0.96880668230647200000 -0.01840849263799630000
0.96361839582838000000 -0.01792185796951910000
0.95843281781759800000 -0.01740756015282700000
0.95324974764691800000 -0.01686814380967640000
0.94806925219207500000 -0.01630470570213860000
0.94289136489093900000 -0.01571793799408150000
0.93771598542990400000 -0.01510926513868290000
0.93254324756044300000 -0.01447859016612560000
0.92737278346600700000 -0.01382940064604440000
0.92220482721167300000 -0.01316062991044910000
0.91703904441876000000 -0.01247525727338080000
0.91187533477366500000 -0.01177460353062620000
0.90671373171425500000 -0.01105849146148490000
0.90155416836479500000 -0.01032768344934770000
0.89639664472528400000 -0.00958278806341274000
0.89124112735785400000 -0.00882402264982204000
0.88608758282463800000 -0.00805203590321528000
0.88093594424989900000 -0.00726738957977525000
0.87578614475790100000 -0.00647087615697406000
0.87063801715930400000 -0.00566340848860873000
0.86549149457837200000 -0.00484595961663872000
0.86034640982576600000 -0.00401939558184580000
0.85520266258788000000 -0.00318454464022090000
0.85006015255111100000 -0.00234221331314070000
0.84491884627759100000 -0.00149259386834633000
0.83977867689158300000 -0.00063596317138503400
0.83463971126882500000 0.00022782762306891800
0.82950198284718300000 0.00109883725866206000
0.82436545818879000000 0.00197696770225293000
0.81923013729364600000 0.00286223258311653000
0.81409602016175100000 0.00375416808458553000
0.80896290616589600000 0.00465210491429358000
0.80383069499247800000 0.00555514837520601000
0.79869935320362800000 0.00646298782952889000
0.79356881392361100000 0.00737554637016578000
0.78843901027669100000 0.00829210107041002000
0.78330977507352700000 0.00921194772876107000
0.77818107487625100000 0.01013459848672450000
0.77305277593339200000 0.01105966178686570000
0.76792487824494800000 0.01198674573737150000
0.76279728149731700000 0.01291568415203790000
0.75766998569049800000 0.01384623828448700000
0.75254295738662400000 0.01477819346360640000
0.74741616314782500000 0.01571147244792070000
0.74228956953623500000 0.01664593580152040000
0.73716320998972100000 0.01758151731742670000
0.73203701763254700000 0.01851818656717980000
0.72691105934044900000 0.01945589874403660000
0.72178523479982300000 0.02039456323137460000
0.71665961088640600000 0.02133417166972690000
0.71153412072446000000 0.02227470466513000000
0.70640883118972200000 0.02321608831989560000
0.70128364196858900000 0.02415823201740130000
0.69615858649892800000 0.02510102608144010000
0.69103366478073900000 0.02604443607100780000
0.68590877650041700000 0.02698819047061620000
0.68078392165796400000 0.02793204150566320000
0.67565903337764300000 0.02887570729492130000
0.67053404478371800000 0.02981883908142710000
0.66540888900045200000 0.03076118474365570000
0.66028353258997900000 0.03170235707109540000
0.65515794211442900000 0.03264220091203860000
0.65003208413593500000 0.03358047049815520000
0.64490585834089300000 0.03451699161815300000
0.63977929816717100000 0.03545158337316590000
0.63465240361476900000 0.03638424576319390000
0.62952507437008200000 0.03731464775334360000
0.62439737730884700000 0.03824285621935100000
0.61926921211745900000 0.03916868390915520000
0.61414061223378800000 0.04009191682040090000
0.60901147734422800000 0.04101229413771750000
0.60388184088664700000 0.04192984261139930000
0.59875153567170600000 0.04284360926220790000
0.59362039451006500000 0.04375256086002120000
0.58848831708811900000 0.04465635968237220000
0.58335533684373700000 0.04555504251091580000
0.57822145377691700000 0.04644855250127640000
0.57308670132553000000 0.04733685955937270000
0.56795101261383700000 0.04821992355976310000
0.56281442107970800000 0.04909774115866070000
0.55767692672314300000 0.04997028226198440000
0.55253856298200800000 0.05083752011943980000
0.54739929641843700000 0.05169942129315880000
0.54225912703243000000 0.05255594900148660000
0.53711805482398600000 0.05340705977519470000
0.53197607979310500000 0.05425268673854720000
0.52683316850192000000 0.05509274629687400000
0.52168935438829800000 0.05592712141763690000
0.51654460401437200000 0.05675568169315080000
0.51139888394227300000 0.05757827665300940000
0.50625219417200100000 0.05839473242029920000
0.50110450126568900000 0.05920488514946670000
0.49595580522333500000 0.06000852418194350000
0.49080603916920600000 0.06080539538993250000
0.48565523654116700000 0.06159549542964700000
0.48050333046348400000 0.06237844310939150000
0.47535035437402400000 0.06315404114574470000
0.47019620795918300000 0.06392212234936640000
0.46504092465682900000 0.06468249612440900000
0.45988450446696300000 0.06543492506200940000
0.45472684707598000000 0.06617914834679720000
0.44956801935961600000 0.06691494194505650000
0.44440795444213500000 0.06764208182307160000
0.43924661888567000000 0.06836026369624350000
0.43408404612808700000 0.06906917659239960000
0.42892013585578400000 0.06976850285179370000
0.42375488806876000000 0.07045787800166430000
0.41858826932914700000 0.07113691081895560000
0.41342024619907700000 0.07180514989244930000
0.40825075180281400000 0.07246214381092700000
0.40307981957822500000 0.07310739100636840000
0.39790731577384000000 0.07374011572023550000
0.39273317351392200000 0.07435896371887330000
0.38755732592273500000 0.07496381462595690000
0.38237990675175100000 0.07555472194207510000
0.37720088256310100000 0.07613171910509610000
0.37202035367039100000 0.07669491645998410000
0.36683835351148700000 0.07724412675467850000
0.36165484864852300000 0.07777938342704700000
0.35646993939510100000 0.07830057278833860000
0.35128362575122300000 0.07880757780601500000
0.34609590771688800000 0.07930024466588350000
0.34090685216783200000 0.07977839949103020000
0.33571645910405500000 0.08024183496667340000
0.33052472852555700000 0.08069032037152390000
0.32533172730807400000 0.08112358820263730000
0.32013745545160600000 0.08154137095706960000
0.31494194639402200000 0.08194334763128770000
0.30974520013532000000 0.08232917047146410000
0.30454725011337000000 0.08269845159832990000
0.29934812976603900000 0.08305074628824030000
0.29414783909332800000 0.08338569675600750000
0.28894647840883900000 0.08370275127680910000
0.28374398083683800000 0.08400136815718310000
0.27854044334714100000 0.08428103914153570000
0.27333589269004400000 0.08454109212871950000
0.26813036899098600000 0.08478089848681580000
0.26292391571919800000 0.08499966908213910000
0.25771658971905500000 0.08519652115497380000
0.25250845452250500000 0.08537061207104560000
0.24729957700528500000 0.08552083169313620000
0.24209003741827800000 0.08564599966450450000
0.23687992938751500000 0.08574480522072390000
0.23166937328932100000 0.08581578712696180000
0.22645849618759300000 0.08585737380342130000
0.22124746527167300000 0.08586785657504630000
0.21603647448119400000 0.08584532279578600000
0.21082575453744600000 0.08578769931782300000
0.20561556959958600000 0.08569345468680190000
0.20040632426581800000 0.08555698137225530000
0.19519835291482200000 0.08537879766113750000
0.18999277905896300000 0.08514060969585350000
0.18479016779821000000 0.08484461100054560000
0.17959110429525500000 0.08449173114794490000
0.17439615699385300000 0.08408272249008160000
0.16920602808923400000 0.08361650832760570000
0.16402117568018800000 0.08309497121248680000
0.15884242902584300000 0.08251587080756720000
0.15367049032142700000 0.08187885935901970000
0.14850613532547900000 0.08118303738819440000
0.14335028023558300000 0.08042679987742610000
0.13820391815641800000 0.07960848496467430000
0.13306824950744600000 0.07872555137196930000
0.12794462183474900000 0.07777525050655950000
0.12283458999919000000 0.07675437567690160000
0.11773990280126700000 0.07565952625181770000
0.11266234916691800000 0.07448779982436360000
0.10760383839840900000 0.07323643777042730000
0.10256635336131100000 0.07190295231262800000
0.09755173313836740000 0.07048591565400110000
0.09256202412710040000 0.06898353552482070000
0.08759941650786550000 0.06739392937311700000
0.08266646493377970000 0.06571456595228080000
0.07776621225083300000 0.06394208475657580000
0.07290207246535050000 0.06207279424537230000
0.06807813168480450000 0.06010210674317780000
0.06329817173206840000 0.05802703959216450000
0.05856593096078710000 0.05584535579896180000
0.05388525472578310000 0.05355514271751870000
0.04925978106709730000 0.05115541058694200000
0.04469595346189750000 0.04864047496966760000
0.04020654183198170000 0.04599510491681150000
0.03581120764374680000 0.04319641220771220000
0.03153669116025050000 0.04021665678705840000
0.02740329585495590000 0.03704406518151950000
0.02341400104190390000 0.03369195235014190000
0.01955373961776350000 0.03019182545844850000
0.01581630885801660000 0.02656091905237520000
0.01226458532969250000 0.02274901547296880000
0.00904125844700317000 0.01865714464969920000
0.00622291430286714000 0.01427603392738500000
0.00377738566824688000 0.00967603958975361000
0.00172720966618946000 0.00488719051418242000
0.00000000000000000000 -0.00001286883101136490
0.00204599961234142000 -0.00466550547428224000
0.00550993536195952000 -0.00839067791161214000
0.00954638425649675000 -0.01151721888531060000
0.01385053003484770000 -0.01426403274217310000
0.01826729455269810000 -0.01682786455385660000
0.02276310953434030000 -0.01925015721398810000
0.02735143372165320000 -0.02149206595128600000
0.03202862907459610000 -0.02354222857819620000
0.03677058689032470000 -0.02543830616547240000
0.04155010880698970000 -0.02723786200291510000
0.04635207087688460000 -0.02897672142232360000
0.05117194226889220000 -0.03066532372609440000
0.05601044524096190000 -0.03229971990201410000
0.06086939881311420000 -0.03387225936587910000
0.06574912398888190000 -0.03537910345044060000
0.07064873800854940000 -0.03681997462139380000
0.07556528496458340000 -0.03820199514462760000
0.08049629714232390000 -0.03953151821506630000
0.08543981842649160000 -0.04081376014012130000
0.09039346469709640000 -0.04205634475370170000
0.09535598203408760000 -0.04326298365915800000
0.10032683543157700000 -0.04443481374400300000
0.10530562363514800000 -0.04557250376559710000
0.11029238008266800000 -0.04667468277135150000
0.11528685399012900000 -0.04774138419913410000
0.12028876782322400000 -0.04877260804894490000
0.12529777382812700000 -0.04976882245093630000
0.13031345403148700000 -0.05073089678967680000
0.13533535702208600000 -0.05165993451481110000
0.14036300463841100000 -0.05255734001679630000
0.14539605915799500000 -0.05342394924233290000
0.15043409257612800000 -0.05426113314400970000
0.15547679057685000000 -0.05506972766852740000
0.16052408628442600000 -0.05584913093426150000
0.16557549150598100000 -0.05660138265116140000
0.17063110655512000000 -0.05732487780156210000
0.17569071408570100000 -0.05801985045053970000
0.18075426394092200000 -0.05868549808926160000
0.18582169593262000000 -0.05932091789529120000
0.19089302009215600000 -0.05992447141309560000
0.19596833338934700000 -0.06049348361323270000
0.20104662265679200000 -0.06103534426453580000
0.20612724923121200000 -0.06155486841999980000
0.21121000579782500000 -0.06205312609140160000
0.21629473185486500000 -0.06253085291183760000
0.22138127693192500000 -0.06298881795227240000
0.22646954405918800000 -0.06342725527778210000
0.23155938611003500000 -0.06384696739719930000
0.23665070611464800000 -0.06424838900280820000
0.24174340041563700000 -0.06463195478689310000
0.24683735866803800000 -0.06499840038255060000
0.25193248055824500000 -0.06534826079566900000
0.25702867914780300000 -0.06568210447000460000
0.26212586749825500000 -0.06600046641144590000
0.26722397539007700000 -0.06630374787440910000
0.27232293260374700000 -0.06659238355117840000
0.27742267895110200000 -0.06686674125830220000
0.28252314755640600000 -0.06712728912593280000
0.28762427823149700000 -0.06737469591143050000
0.29272599406927900000 -0.06760922911773960000
0.29782827835081700000 -0.06783145718861650000
0.30293106420037600000 -0.06804191512994950000
0.30803431818008600000 -0.06824090388255080000
0.31313797341421300000 -0.06842885813870470000
0.31824202990275600000 -0.06860614571495940000
0.32334642076998000000 -0.06877306755212730000
0.32845114601588400000 -0.06892979083954830000
0.33355613876473100000 -0.06907654964229860000
0.33866143245439100000 -0.06921337739824620000
0.34376696020912800000 -0.06934054161033540000
0.34887275546680800000 -0.06945804227856610000
0.35397871791382900000 -0.06956604659227850000
0.35908488098805700000 -0.06966458798934050000
0.36419124468949400000 -0.06975369990762020000
0.36929774214240300000 -0.06983338234711760000
0.37440437334678400000 -0.06990346811849250000
0.37951113830263700000 -0.06996385690814100000
0.38461800357209400000 -0.07001444840245890000
0.38972496915515500000 -0.07005504197423810000
0.39483200161395200000 -0.07008540355840240000
0.39993910094848600000 -0.07010496471119550000
0.40504620028301900000 -0.07011258854510460000
0.41015333305542000000 -0.07010807443292160000
0.41526043238995300000 -0.07009192394266680000
0.42036746484875000000 -0.07006453832875640000
0.42547443043181200000 -0.07002625196987080000
0.43058132913913700000 -0.06997743268255810000
0.43568812753285800000 -0.06991831453189450000
0.44079475873723900000 -0.06984919845869220000
0.44590128962801600000 -0.06977028509015930000
0.45100761989158400000 -0.06968184192924010000
0.45611381640368100000 -0.06958413647887860000
0.46121981228857000000 -0.06947723561481100000
0.46632564098411800000 -0.06936150715358550000
0.47143123561459000000 -0.06923728547388220000
0.47653666305572200000 -0.06910487151651360000
0.48164185643177800000 -0.06896456622229160000
0.48674681574275800000 -0.06881660365629240000
0.49185157442653000000 -0.06866111756998830000
0.49695609904522500000 -0.06849800764977500000
0.50206038959884500000 -0.06832831046956130000
0.50716444608738800000 -0.06815119008264670000
0.51226826851085500000 -0.06796724837065540000
0.51737182343137800000 -0.06777628470637950000
0.52247511084895700000 -0.06757873378210320000
0.52757813076359100000 -0.06737456215995840000
0.53268091661315000000 -0.06716387015354930000
0.53778343495976400000 -0.06694675807647980000
0.54288565236556600000 -0.06672325936661810000
0.54798760226842400000 -0.06649347433756820000
0.55308928466833700000 -0.06625743642719800000
0.55819063268957100000 -0.06601521251124380000
0.56329171320786000000 -0.06576676915183740000
0.56839249278533700000 -0.06551213978684680000
0.57349293798413400000 -0.06525105691332790000
0.57859304880425000000 -0.06498342021767660000
0.58369279180781900000 -0.06470899563481670000
0.58879216699483900000 -0.06442778316474840000
0.59389110748957500000 -0.06413887998503480000
0.59898964672989400000 -0.06384288797730050000
0.60408768440219300000 -0.06353843618895660000
0.60918515363073600000 -0.06322442117035820000
0.61428202097765400000 -0.06290107698658160000
0.61937828644294800000 -0.06256857082696690000
0.62447398346448600000 -0.06222710331872210000
0.62956907860439900000 -0.06187684165118750000
0.63466357186268800000 -0.06151795301370300000
0.63975746323935300000 -0.06115016990332470000
0.64485075273439200000 -0.06077459576969710000
0.64994337347207200000 -0.06039006028743950000
0.65503535889025900000 -0.05999723221391230000
0.66012670898895400000 -0.05959601123551150000
0.66521735689242000000 -0.05918639735223710000
0.67030736947639400000 -0.05876842400195710000
0.67539664642727100000 -0.05834199087106750000
0.68048522118292000000 -0.05790713139743620000
0.68557302686760500000 -0.05746357807811900000
0.69066013035706000000 -0.05701173216753230000
0.69574649821342000000 -0.05655156022780810000
0.70083209699881500000 -0.05608322944828630000
0.70591692671324500000 -0.05560680670470320000
0.71100105423244700000 -0.05512242574853070000
0.71608437924281600000 -0.05463018689337290000
0.72116696862008900000 -0.05413012357709790000
0.72624878892639700000 -0.05362230267544170000
0.73132980672387300000 -0.05310675762627240000
0.73641005545038400000 -0.05258358874319390000
0.74148953510593100000 -0.05205282946407430000
0.74656821225264500000 -0.05151454666464970000
0.75164608689052700000 -0.05096874034492010000
0.75672315901957600000 -0.05041557769422550000
0.76179942863979300000 -0.04985505871256600000
0.76687489575117700000 -0.04928725027567770000
0.77194952691586000000 -0.04871221925929650000
0.77702335557171100000 -0.04812999910129040000
0.78209634828086200000 -0.04754055636379160000
0.78716850504331200000 -0.04694395792253590000
0.79223979242119300000 -0.04634010346391940000
0.79731024385237400000 -0.04572902642581000000
0.80237979246111800000 -0.04511062649460370000
0.80744833793382100000 -0.04448416803720410000
0.81251584683261600000 -0.04384924979919470000
0.81758235259537000000 -0.04320657397580420000
0.82264795553568700000 -0.04255650838358070000
0.82771268909143600000 -0.04189988896922490000
0.83277655326261700000 -0.04123674917060460000
0.83783968180070000000 -0.04056779118294850000
0.84290210814355600000 -0.03989355001214480000
0.84796389916691900000 -0.03921459410195000000
0.85302512174652500000 -0.03853139158251630000
0.85808584275811100000 -0.03784447745973210000
0.86314612907741300000 -0.03715438673948580000
0.86820598070443100000 -0.03646128661111750000
0.87326559826637200000 -0.03576621364853590000
0.87832494832537000000 -0.03506940191681710000
0.88338416463289500000 -0.03437141985971750000
0.88844324718894800000 -0.03367276904525750000
0.89350232974500100000 -0.03297391760358930000
0.89856147917679000000 -0.03227557441751510000
0.90362082923578700000 -0.03157864565325820000
0.90868048023559700000 -0.03088396056994570000
0.91374056592769100000 -0.03019227820718150000
0.91880118662567300000 -0.02950475885898610000
0.92386250951888300000 -0.02882220503419210000
0.92892470179666300000 -0.02814630200134770000
0.93398803096195400000 -0.02747899918815870000
0.93905269764196700000 -0.02682186817442200000
0.94411886902604100000 -0.02617623644349830000
0.94918667886564800000 -0.02554378926393590000
0.95425632778799600000 -0.02492625202972460000
0.95932788266882200000 -0.02432478837867160000
0.96440151069746400000 -0.02374082610774160000
0.96947747937686900000 -0.02317749500138150000
0.97455615652358300000 -0.02263931251556090000
0.97963811058136400000 -0.02213318022623990000
0.98472377624249500000 -0.02166547139106340000
0.98981315350697600000 -0.02124056971452910000
0.99490620893694000000 -0.02086178554557140000
1.00000000000000000000 -0.02049315980091880000