Airfoil 840
1.00000000000000000000 -0.03778522857540510000
0.99486312525526200000 -0.03710015738727230000
0.98972931542469900000 -0.03639249228054210000
0.98460061378442800000 -0.03564919558183980000
0.97947489847078900000 -0.03488497102045060000
0.97435004762012200000 -0.03411515888475790000
0.96922472524419700000 -0.03334867100213180000
0.96409861699284300000 -0.03258760565996920000
0.95897188004114600000 -0.03183065044630260000
0.95384482873927600000 -0.03107569921498120000
0.94871777743740600000 -0.03032059080857390000
0.94359096189816600000 -0.02956402853262200000
0.93846453929664000000 -0.02880467639889560000
0.93333874539545800000 -0.02804159921563350000
0.92821350160707600000 -0.02727427044629790000
0.92308904369412400000 -0.02650219498936830000
0.91796529306905800000 -0.02572494061335850000
0.91284240690696500000 -0.02494246016574270000
0.90772030662030100000 -0.02415432927378900000
0.90259914938415300000 -0.02336045363244590000
0.89747893519852000000 -0.02256057390282160000
0.89235966406340200000 -0.02175447789855020000
0.88724141456634300000 -0.02094200844454580000
0.88212418670734100000 -0.02012300836572250000
0.87700805907394200000 -0.01929731262824010000
0.87189303166614300000 -0.01846476405701280000
0.86677918307148900000 -0.01762543338082900000
0.86166643470243600000 -0.01677891980321990000
0.85655494373407000000 -0.01592507400785390000
0.85144463157884800000 -0.01506377025466210000
0.84633573399939900000 -0.01419471776973580000
0.84122817240818100000 -0.01331757862664030000
0.83612202539273500000 -0.01243192059388920000
0.83101752871569200000 -0.01153737431003080000
0.82591468237705000000 -0.01063326392219580000
0.82081364355189600000 -0.00971899216505773000
0.81571456941531600000 -0.00879345881301532000
0.81061785290502400000 -0.00785572946018295000
0.80552357260856300000 -0.00690432666075322000
0.80043196428856300000 -0.00593877103071414000
0.79534106325644900000 -0.00496968367649501000
0.79025039798696500000 -0.00399928469618410000
0.78515996848010800000 -0.00302781849703996000
0.78006969614833800000 -0.00205531651407978000
0.77497958099165400000 -0.00108196971503292000
0.76988962301005500000 -0.00010786006670667800
0.76479974361600000000 0.00086685863507740800
0.75971002139703000000 0.00184203385189848000
0.75462029917806100000 0.00281752609086779000
0.74953065554663400000 0.00379320403220109000
0.74444101191520800000 0.00476893871374040000
0.73935136828378100000 0.00574459826558865000
0.73426164606481100000 0.00672004201604396000
0.72917184525829900000 0.00769511546199691000
0.72408196586424300000 0.00866964413910215000
0.71899192929510200000 0.00964342945663866000
0.71390173555087500000 0.01061624028864260000
0.70881138463156200000 0.01158814972152900000
0.70372079794962000000 0.01255888820002540000
0.69862973974242000000 0.01352721875620600000
0.69353844577259100000 0.01449453081782990000
0.68844691604013400000 0.01546055875900210000
0.68335507195750500000 0.01642477368555850000
0.67826283493716100000 0.01738679366204040000
0.67317012639156000000 0.01834638606932070000
0.66807694632070000000 0.01930346131760030000
0.66298329472458300000 0.02025807913341200000
0.65788925019075200000 0.02121044541611830000
0.65279481271920500000 0.02216091380966240000
0.64769982513485800000 0.02310848075112090000
0.64260413026262500000 0.02405228334927220000
0.63750796386513400000 0.02499311691005100000
0.63241116876729900000 0.02593097436057840000
0.62731382355666300000 0.02686578575794110000
0.62221592823322700000 0.02779747958747510000
0.61711748279699100000 0.02872580751254470000
0.61201825148532400000 0.02965033808753910000
0.60691823429822900000 0.03057046225900050000
0.60181735264816000000 0.03148538865037130000
0.59671529218494800000 0.03239421743428490000
0.59161236725876400000 0.03329764489637170000
0.58650849928206400000 0.03419604668508710000
0.58140368825484800000 0.03508909744800310000
0.57629785558957400000 0.03597632173048510000
0.57119092269870000000 0.03685714662934490000
0.56608281099468000000 0.03773095758999670000
0.56097336330243100000 0.03859715184598600000
0.55586257962195200000 0.03945519264439460000
0.55075030277815600000 0.04030466582887110000
0.54563661135858800000 0.04114533327916030000
0.54052150536324600000 0.04197718556475720000
0.53540498479213200000 0.04280050167143920000
0.53028720682033000000 0.04361589929729380000
0.52516832862292700000 0.04442439300750050000
0.52004772149957900000 0.04522209350455880000
0.51492538545028700000 0.04600848211068540000
0.50980171341276400000 0.04678569483529740000
0.50467646962438200000 0.04755294580296550000
0.49954965408514200000 0.04830948371677900000
0.49442126679504200000 0.04905544374731180000
0.48929138634162700000 0.04979070329799700000
0.48415993413735200000 0.05051490558138950000
0.47902675300713300000 0.05122705882269730000
0.47389215730114000000 0.05192861846321590000
0.46875598984428900000 0.05261879548401400000
0.46361793628640700000 0.05329529277121130000
0.45847838956520900000 0.05395989819140990000
0.45333742826823800000 0.05461330017148590000
0.44819481663286500000 0.05525333126700490000
0.44305055465909000000 0.05588051094162570000
0.43790472093445600000 0.05649445961751600000
0.43275731545896300000 0.05709508849075220000
0.42760833823261200000 0.05768227575064270000
0.42245786784294400000 0.05825562531597110000
0.41730574711487500000 0.05881499651503540000
0.41215221181103200000 0.05936050801502560000
0.40699726193141600000 0.05989232799328360000
0.40184089747602700000 0.06041036135888240000
0.39668311844486600000 0.06091448944463210000
0.39152400342547400000 0.06140450399354390000
0.38636355241785200000 0.06188010480120380000
0.38120176542200000000 0.06234090128752330000
0.37603864243791800000 0.06278641406849050000
0.37087410487806200000 0.06321612368044640000
0.36570838850506300000 0.06363011342618660000
0.36054133614383400000 0.06402814911483310000
0.35537310496946000000 0.06440979301377180000
0.35020361639439900000 0.06477457359774480000
0.34503294900619400000 0.06512200283811050000
0.33986118139238700000 0.06545234714663960000
0.33468831355298000000 0.06576553107929070000
0.32951442407551400000 0.06606111140232160000
0.32433951295999000000 0.06633869596389310000
0.31916365879395000000 0.06659794998107220000
0.31398694016493800000 0.06683857560707110000
0.30880935707295400000 0.06706012410701960000
0.30363098810554000000 0.06726321396488060000
0.29845199043778200000 0.06744886288933550000
0.29327228548213800000 0.06761546297925530000
0.28809203041369400000 0.06776050964964650000
0.28291122523244800000 0.06788531452660080000
0.27772994852594500000 0.06799018488741120000
0.27254827888172800000 0.06807471757798220000
0.26736637347488100000 0.06813816287315430000
0.26218415371786300000 0.06817979148052880000
0.25700185537330200000 0.06819886703482840000
0.25181955702874000000 0.06819665008024180000
0.24663733727172200000 0.06817023444943100000
0.24145519610224700000 0.06812030856927210000
0.23627344787048600000 0.06804608970783750000
0.23109209257644000000 0.06794592045384620000
0.22591120880765200000 0.06782159496090390000
0.22073111091429300000 0.06766985420360450000
0.21555203465899300000 0.06748650553653170000
0.21037350851649300000 0.06728804684257650000
0.20519506096153600000 0.06708640220963020000
0.20001653481903600000 0.06688949404789740000
0.19483800867653600000 0.06669084360033740000
0.18965971829666500000 0.06648461495601100000
0.18448205661713800000 0.06626575807940850000
0.17930510222549700000 0.06602892430235680000
0.17412924805945700000 0.06577000271048440000
0.16895488705673400000 0.06548305915842330000
0.16378217639241200000 0.06516743272493740000
0.15861182335437900000 0.06481585956343210000
0.15344445664297700000 0.06442277488999120000
0.14828023343329400000 0.06398928207371780000
0.14312048971355900000 0.06350612743142980000
0.13796601135920100000 0.06297001735920240000
0.13281797718336400000 0.06237538157199130000
0.12767756599919400000 0.06171732327999570000
0.12254595661983400000 0.06099443183681960000
0.11742479938368500000 0.06020056169660450000
0.11231550886652200000 0.05933423384179210000
0.10721981399428800000 0.05839080767797150000
0.10213967945555800000 0.05736698724359140000
0.09707628406347580000 0.05626310732158490000
0.09203229979450140000 0.05507391512058120000
0.08701157743823940000 0.05379013259526010000
0.08201490287011930000 0.05241574256229810000
0.07704675558008890000 0.05094155656617390000
0.07210996471969430000 0.04936556433753890000
0.06720767379065370000 0.04768535166707360000
0.06234271194451280000 0.04589992285060910000
0.05751837985807560000 0.04400750888255350000
0.05274112170986380000 0.04199931581685110000
0.04801887484171490000 0.03986504004074610000
0.04336979297604970000 0.03757586978924310000
0.03881100819723090000 0.03511215031785130000
0.03435564462493040000 0.03246586648306520000
0.03001344711447370000 0.02963774129028010000
0.02577396352264880000 0.02665761442955310000
0.02163035673321970000 0.02354556737573330000
0.01761123261181840000 0.02027469489761730000
0.01381097479752510000 0.01675341578790730000
0.01033960585046530000 0.01290824519281960000
0.00721465079271645000 0.00877568624017784000
0.00439681585280496000 0.00442758043965487000
0.00188838006947614000 -0.00010612202460686000
0.00000000000000000000 -0.00490352239583870000
0.00250953600893017000 -0.00924276737230684000
0.00635906821265125000 -0.01254780578471900000
0.01063517359948940000 -0.01528976445191520000
0.01508236406732350000 -0.01774570375655530000
0.01970284006735590000 -0.01985892278640310000
0.02435168617039200000 -0.02191018339739140000
0.02900721221457900000 -0.02394641021141390000
0.03370203203023930000 -0.02588987228974160000
0.03845422075225100000 -0.02768828534005180000
0.04326079205398210000 -0.02933570814409780000
0.04811294413062250000 -0.03084424318349340000
0.05298945834557670000 -0.03227237530769970000
0.05788436204558030000 -0.03363593990662070000
0.06279333291577150000 -0.03494809253494570000
0.06771479920529130000 -0.03621247965466750000
0.07265135430305700000 -0.03741682589157760000
0.07760119069558060000 -0.03856515492787510000
0.08256454414549130000 -0.03965352166890390000
0.08754086453998830000 -0.04068103807542880000
0.09252850154066940000 -0.04165242725878080000
0.09752462599598910000 -0.04257897439012730000
0.10252758756754500000 -0.04346796453469930000
0.10753817213076700000 -0.04431288278518650000
0.11255410064690900000 -0.04512516362908790000
0.11757560887860100000 -0.04590253588641210000
0.12260238247566900000 -0.04664510957971930000
0.12763410708794400000 -0.04735357627938750000
0.13267046836525300000 -0.04802830534686850000
0.13771107336988000000 -0.04867020839766050000
0.14275552916411200000 -0.04928116367403990000
0.14780352139777700000 -0.04986218495531080000
0.15285442137053100000 -0.05041749239252940000
0.15790783614465900000 -0.05094949862326410000
0.16296352995753200000 -0.05145932744937920000
0.16802103128389300000 -0.05195098683556490000
0.17308002577357100000 -0.05242649648167500000
0.17814035625147800000 -0.05288825330776930000
0.18320162977990100000 -0.05333944796809160000
0.18826361059621000000 -0.05378258740526170000
0.19332598435023400000 -0.05422077582722620000
0.19838851527934400000 -0.05465729033452600000
0.20345088903336800000 -0.05509592670548530000
0.20851279126213400000 -0.05554003276943370000
0.21357508642861500000 -0.05597952574461110000
0.21863793170789700000 -0.05641254310624970000
0.22370195580032300000 -0.05683133612261480000
0.22876715870589300000 -0.05723583406491790000
0.23383330466197800000 -0.05762867747460190000
0.23890031508103600000 -0.05801044789948470000
0.24396811137552300000 -0.05838020228905080000
0.24903685072052600000 -0.05873823141720920000
0.25410637594095800000 -0.05908389872486210000
0.25917660844927700000 -0.05941960899082360000
0.26424762683302500000 -0.05974360971288590000
0.26931950967974600000 -0.06005384975617820000
0.27439186405172400000 -0.06035597170628410000
0.27946476853650300000 -0.06064834094231020000
0.28453830172162500000 -0.06092994368495260000
0.28961238501954800000 -0.06120060704161670000
0.29468709701781500000 -0.06146071609126310000
0.29976220195379600000 -0.06171093882800670000
0.30483785700257800000 -0.06195198253973410000
0.30991390498907500000 -0.06218431089294860000
0.31499026732574400000 -0.06240787673512450000
0.32006710118767000000 -0.06262241286861590000
0.32514424939976800000 -0.06282824150234860000
0.33022171196203800000 -0.06302573199777470000
0.33529956746202200000 -0.06321521442257450000
0.34037765872463600000 -0.06339697169190260000
0.34545598574987800000 -0.06357131029717640000
0.35053454853774900000 -0.06373907898385990000
0.35561334708824900000 -0.06389788083189320000
0.36069253857646400000 -0.06404617552543440000
0.36577188723976400000 -0.06418933845242110000
0.37085131449060800000 -0.06432727530780190000
0.37593097750408000000 -0.06445908233483280000
0.38101071910509500000 -0.06458388721178710000
0.38609077505628300000 -0.06470091192198960000
0.39117090959501200000 -0.06481117024474440000
0.39625120130882800000 -0.06491459145126280000
0.40133157161018700000 -0.06501066472251560000
0.40641217767417500000 -0.06509911500210260000
0.41149286232570600000 -0.06517984012621790000
0.41657362556477900000 -0.06525297369368450000
0.42165454597893900000 -0.06531885363093700000
0.42673554498064100000 -0.06537803005077620000
0.43181662256988700000 -0.06543124953486000000
0.43689770015913200000 -0.06547949442747520000
0.44197885633592000000 -0.06552120869527150000
0.44706009110025200000 -0.06555229006850710000
0.45214140445212600000 -0.06557584275512840000
0.45722271780400000000 -0.06559319488461110000
0.46230403115587400000 -0.06560426001065800000
0.46738534450774800000 -0.06560842515043420000
0.47246665785962300000 -0.06560542310629370000
0.47754797121149700000 -0.06559583542605410000
0.48262928456337100000 -0.06557976427352140000
0.48771059791524600000 -0.06555750828135880000
0.49279183267957700000 -0.06552918533088070000
0.49787306744390800000 -0.06549499189094440000
0.50295422362069600000 -0.06545512443040730000
0.50803537979748500000 -0.06540941005667500000
0.51311645738673000000 -0.06535796665106180000
0.51819745638843300000 -0.06530151721896290000
0.52327845539013500000 -0.06523981028024080000
0.52835929721675200000 -0.06517103046265350000
0.53344013904336800000 -0.06509793618895840000
0.53852082369489900000 -0.06502075536303010000
0.54360150834642900000 -0.06493904003587370000
0.54868211441041700000 -0.06485249157482600000
0.55376264188686200000 -0.06476090565227540000
0.55884309077576400000 -0.06466421153943330000
0.56392338248958000000 -0.06456241709505390000
0.56900359561585300000 -0.06445560876543450000
0.57408373015458300000 -0.06434396730192380000
0.57916370751822700000 -0.06422772060839650000
0.58424360629432800000 -0.06410715160000700000
0.58932342648288600000 -0.06398258248568150000
0.59440308949635900000 -0.06385435119185480000
0.59948275250983100000 -0.06372282707997850000
0.60456225834821700000 -0.06358575468757010000
0.60964152842397500000 -0.06344178230889100000
0.61472071991218900000 -0.06329338545154400000
0.61979975422531800000 -0.06314149930729010000
0.62487870995090400000 -0.06298595884228920000
0.62995750850140400000 -0.06282597818111180000
0.63503614987681800000 -0.06266059855573390000
0.64011463407714600000 -0.06248919126581190000
0.64519288251484600000 -0.06231174059383740000
0.65027089518991600000 -0.06212836442112460000
0.65534867210235800000 -0.06193914133521650000
0.66042621325217000000 -0.06174334833071810000
0.66550351863935400000 -0.06153935864549030000
0.67058035250128100000 -0.06132692865814990000
0.67565702918812100000 -0.06110814093858520000
0.68073323434970400000 -0.06088121154957110000
0.68580912516111400000 -0.06064500097173500000
0.69088446585972500000 -0.06039921057241360000
0.69595941362062000000 -0.06014436688814470000
0.70103396844380100000 -0.05988179804840410000
0.70610820891681000000 -0.05961364949311430000
0.71118189927701800000 -0.05933525312222420000
0.71625496093688300000 -0.05904524937124070000
0.72132755107149000000 -0.05874686032942480000
0.72639966968084000000 -0.05844088758971460000
0.73147123817738800000 -0.05812674960429210000
0.73654233514867900000 -0.05780353475765920000
0.74161272483208400000 -0.05747100728718710000
0.74668264299023100000 -0.05712997664456810000
0.75175193244803400000 -0.05678029351347070000
0.75682067179303700000 -0.05642245299541530000
0.76188878243769600000 -0.05605638436161340000
0.76695626438201200000 -0.05568130959538970000
0.77202311762598400000 -0.05529866684878020000
0.77708949934469800000 -0.05490825965292760000
0.78215517377552600000 -0.05450992297399150000
0.78722029809355300000 -0.05410428551231570000
0.79228479371123600000 -0.05369097004769400000
0.79734858204103300000 -0.05326886063701650000
0.80241205602065800000 -0.05284325408067780000
0.80747505847502600000 -0.05241268079162490000
0.81253798234185100000 -0.05198033142410140000
0.81760082762113200000 -0.05154704686481680000
0.82266359431287100000 -0.05111319647522300000
0.82772636100461000000 -0.05067919676929760000
0.83278912769634800000 -0.05024537781472090000
0.83785197297563000000 -0.04981203824415630000
0.84291481825491200000 -0.04937949240777540000
0.84797782070927900000 -0.04894808609076720000
0.85304098033873300000 -0.04851805505576060000
0.85810421855572900000 -0.04808985511050470000
0.86316761394781100000 -0.04766339194994790000
0.86823124510252300000 -0.04723914495810220000
0.87329503343232000000 -0.04681738133261370000
0.87835905752474600000 -0.04639822681355100000
0.88342323879225700000 -0.04598189358728010000
0.88848781299748400000 -0.04556886889656720000
0.89355262296533900000 -0.04515925490521830000
0.89861766869582300000 -0.04475302803697040000
0.90368302877647900000 -0.04435066767583550000
0.90874878179485000000 -0.04395239386693390000
0.91381477057585000000 -0.04355844237289430000
0.91888115229456400000 -0.04316849098479070000
0.92394784836345000000 -0.04278292478158360000
0.92901485878250800000 -0.04240215241849630000
0.93408226213928000000 -0.04202655111573490000
0.93915005843376800000 -0.04165581438188190000
0.94421816907842700000 -0.04128890486137040000
0.94928659407325800000 -0.04092663200589280000
0.95435533341826000000 -0.04056946734070680000
0.95942430852589200000 -0.04021565050485030000
0.96449359798369500000 -0.03986519721583200000
0.96956296602904200000 -0.03951676362666740000
0.97463249124947400000 -0.03917080554510560000
0.97970248799516400000 -0.03883127592455690000
0.98477358496645500000 -0.03850883909459920000
0.98984672521386200000 -0.03822126369869290000
0.99492269461281600000 -0.03798906894430130000
1.00000000000000000000 -0.03778522857540510000