Airfoil 1085
1.00000000000000000000 -0.04311556991948210000
0.99492984239201600000 -0.04219506482118540000
0.98986513465291300000 -0.04124486349858000000
0.98480910221529300000 -0.04024983978497710000
0.97975874209018300000 -0.03922597625503250000
0.97471016151409300000 -0.03819380445559040000
0.96965991261079600000 -0.03716957389365990000
0.96460621583126800000 -0.03616241588016160000
0.95954884873188200000 -0.03517390976485260000
0.95448814497807900000 -0.03420258741978960000
0.94942466067892900000 -0.03324592410979730000
0.94435895194350100000 -0.03230122826697950000
0.93929135243723700000 -0.03136638667687240000
0.93422241826920600000 -0.03043933061373750000
0.92915226066122200000 -0.02951818042892030000
0.92408143572235600000 -0.02860167931592360000
0.91901005467441900000 -0.02768783640427880000
0.91393822873922700000 -0.02677632915072580000
0.90886618036040800000 -0.02586604533712560000
0.90379402075977400000 -0.02495670690894340000
0.89872174993732600000 -0.02404767990184010000
0.89364947911487900000 -0.02313851942856010000
0.88857731951424500000 -0.02222906977856400000
0.88350527113542500000 -0.02131910850822410000
0.87843322275660600000 -0.02040843541827520000
0.87336139682141400000 -0.01949701714217330000
0.86828979332985000000 -0.01858468684719750000
0.86321830106009900000 -0.01767145565552910000
0.85814692001216300000 -0.01675719010099160000
0.85307587262966800000 -0.01584171222868270000
0.84800504769080100000 -0.01492485520588160000
0.84293444519556200000 -0.01400630761150930000
0.83786428758757800000 -0.01308582475757540000
0.83279457486685000000 -0.01216305073427530000
0.82772530703337800000 -0.01123749616562800000
0.82265659530897500000 -0.01030877622415730000
0.81758855091545600000 -0.00937639597279159000
0.81252139629644700000 -0.00843975592595386000
0.80745502023013600000 -0.00749818652832453000
0.80238975638196300000 -0.00655085695295384000
0.79732538230830200000 -0.00559932096858184000
0.79226078579101300000 -0.00464852905814476000
0.78719585560828200000 -0.00369904622845717000
0.78213081420373800000 -0.00275083466410234000
0.77706543913375100000 -0.00180407788107318000
0.77199984162013700000 -0.00085890901188093700
0.76693391044108100000 0.00008493101244549850
0.76186775681839800000 0.00102722632148754000
0.75680126953027200000 0.00196758317890184000
0.75173433735489200000 0.00290627026322422000
0.74666729395769700000 0.00384352458814006000
0.74159980567324700000 0.00477908177939776000
0.73653209494516900000 0.00571277945314903000
0.73146393932983500000 0.00664455754961438000
0.72639545004906000000 0.00757445822186127000
0.72132673832465700000 0.00850262594702594000
0.71625758171299800000 0.00942884840266568000
0.71118798021408400000 0.01035266513047100000
0.70611793382791500000 0.01127414708995910000
0.70104755377630300000 0.01219326636445480000
0.69597661761562200000 0.01310991429024580000
0.69090523656768600000 0.01402392737126580000
0.68583341063249400000 0.01493510985712220000
0.68076102858823200000 0.01584325932411390000
0.67568797921308800000 0.01674819003181170000
0.67061437372887400000 0.01764975961629360000
0.66554021213559000000 0.01854789133450830000
0.66046538321142300000 0.01944259853307330000
0.65538999817818600000 0.02033401356594710000
0.65031416825769500000 0.02122240558991940000
0.64523767100631900000 0.02210780463487990000
0.64016039520224700000 0.02298824652359540000
0.63508222962366300000 0.02386384247787970000
0.63000339671419600000 0.02473492616317440000
0.62492367403021800000 0.02560161658682050000
0.61984328401535600000 0.02646382588358500000
0.61476211544779800000 0.02732127377449690000
0.60967994588391400000 0.02817349980124660000
0.60459688654551900000 0.02901988000945830000
0.59951271498898600000 0.02985963362199840000
0.59442731999249900000 0.03069184194668430000
0.58934047911243200000 0.03151545838624710000
0.58425208112697000000 0.03232944635338150000
0.57916234847974200000 0.03313515941756250000
0.57407139239256100000 0.03393265652635150000
0.56897899042180000000 0.03472113799490650000
0.56388514256745800000 0.03549991091132710000
0.55878973760772100000 0.03626838468778150000
0.55369266432077600000 0.03702605771388900000
0.54859392270662300000 0.03777251402006580000
0.54349351276526100000 0.03850741215534310000
0.53839143449669100000 0.03923047184074990000
0.53328768790091300000 0.03994147285709490000
0.52818216175611200000 0.04064024058613010000
0.52307507850591700000 0.04132663822502440000
0.51796621570670000000 0.04200056011305480000
0.51285579580208800000 0.04266191727276990000
0.50774370757026800000 0.04331063629777280000
0.50263006223305400000 0.04394661708843090000
0.49751474856863100000 0.04456883751627450000
0.49239765535518600000 0.04517690385608250000
0.48727889381453200000 0.04577088840203390000
0.48215857516848400000 0.04635078892969250000
0.47703669941704200000 0.04691653759375160000
0.47191315533839100000 0.04746800537690740000
0.46678816537616000000 0.04800501321203930000
0.46166172953034800000 0.04852733865551960000
0.45653362535732800000 0.04903471922386750000
0.45140418652254100000 0.04952686796480320000
0.44627319058236000000 0.05000347345724780000
0.44114074875859700000 0.05046421204572280000
0.43600686105125500000 0.05090875340144110000
0.43087163868214600000 0.05133676830783350000
0.42573497042945600000 0.05174828457035350000
0.42059718995862800000 0.05214369480200400000
0.41545807482603200000 0.05252279880352020000
0.41031773625348400000 0.05288510275004830000
0.40517617424098300000 0.05322992818852360000
0.40003350001034300000 0.05355651881061170000
0.39488960233975100000 0.05386415834783110000
0.38974459245102000000 0.05415226955896770000
0.38459858156596300000 0.05442053212519750000
0.37945145846276800000 0.05466898274971910000
0.37430355680687500000 0.05489785277390540000
0.36915465415465700000 0.05510712106561170000
0.36400508417155700000 0.05529696780417670000
0.35885484685757200000 0.05546719835142580000
0.35370405343451900000 0.05561747348082680000
0.34855259268058100000 0.05574757074875190000
0.34340068703938900000 0.05585765253904940000
0.33824844773275400000 0.05594852520987000000
0.33309587476067800000 0.05602190825045640000
0.32794319056678900000 0.05607815645839490000
0.32279017270745700000 0.05611238052274700000
0.31763715484812500000 0.05612679264539080000
0.31248413698879400000 0.05612314901876780000
0.30733111912946200000 0.05610221707339370000
0.30217810127013100000 0.05606395009610680000
0.29702541707624100000 0.05600766184831520000
0.29187284410416500000 0.05593258823615770000
0.28672060479753100000 0.05584103822449060000
0.28156869915633800000 0.05573218098636400000
0.27641723840240100000 0.05560584746462090000
0.27126611131390600000 0.05546247253655360000
0.26611554033448000000 0.05530202172339980000
0.26096552546412300000 0.05512425256160520000
0.25581617792465000000 0.05492893148536070000
0.25066749771606000000 0.05471605404579360000
0.24551959606016800000 0.05448605956906890000
0.24037236173515800000 0.05424004581448960000
0.23522590596284600000 0.05397933743385920000
0.23008056240867300000 0.05369852682258630000
0.22493621985082500000 0.05339944691616390000
0.21979276706748800000 0.05308346796733910000
0.21465053772410400000 0.05274995267511820000
0.20950942059885800000 0.05239854957856940000
0.20436974935719300000 0.05202784838509260000
0.19923130155548200000 0.05164075087181220000
0.19409407719372200000 0.05123641286516070000
0.18895863238098500000 0.05081092046950730000
0.18382485589545700000 0.05036468409334540000
0.17869308140257800000 0.04989676613678370000
0.17356342012416400000 0.04940629573301960000
0.16843609450384000000 0.04889190262930590000
0.16331132698523700000 0.04835296398348490000
0.15818934001198100000 0.04778831419094690000
0.15307035602770000000 0.04719613477503500000
0.14795481991964900000 0.04657605091823620000
0.14284295413145700000 0.04592522535207820000
0.13773509232856400000 0.04524415301363290000
0.13263167939822800000 0.04453091532661060000
0.12753327144951600000 0.04378232578604350000
0.12244009092605700000 0.04299878701489770000
0.11735325004599000000 0.04217570332782340000
0.11227219270024500000 0.04131702198699550000
0.10719914332510100000 0.04041274971243600000
0.10213365703330000000 0.03946664913810880000
0.09707740215205310000 0.03847268314395590000
0.09203115723405580000 0.03742908330313660000
0.08699625694107520000 0.03633219486684640000
0.08197414715669210000 0.03517783811931920000
0.07696638498630060000 0.03396271867042770000
0.07197530608799280000 0.03268112305559240000
0.06700313489804630000 0.03132811080184030000
0.06205231829636630000 0.02989878703714210000
0.05712697149006730000 0.02838395927857970000
0.05222998624631050000 0.02677995053298610000
0.04736581143765070000 0.02507917213599940000
0.04254345603101400000 0.02326305004470000000
0.03776881478253560000 0.02132545037605210000
0.03305779241160240000 0.01923775798177790000
0.02841227968905040000 0.01700803866782070000
0.02386063817742140000 0.01459296152770720000
0.01941677060345170000 0.01198502687452690000
0.01511982704563050000 0.00914209754553477000
0.01101941243295270000 0.00602295373550696000
0.00717647631942983000 0.00259195319074252000
0.00369078467212130000 -0.00119844841120751000
0.00100466664486713000 -0.00557693757853650000
0.00000000000000000000 -0.01060252415682190000
0.00249503895099129000 -0.01478637292540730000
0.00673281250382323000 -0.01755175873942090000
0.01110149413160330000 -0.02011117287629180000
0.01560631125958480000 -0.02241990416683630000
0.02029253116602040000 -0.02433364230753230000
0.02509998284959620000 -0.02592167848843330000
0.02995147837147240000 -0.02737092096778100000
0.03482021327450150000 -0.02876149394030190000
0.03970707733319440000 -0.03008649053135330000
0.04461685308554890000 -0.03132404453232450000
0.04955031908426180000 -0.03246391241415620000
0.05450336012221930000 -0.03351481396705740000
0.05947252832319100000 -0.03448691486481770000
0.06445459825457370000 -0.03539098137902150000
0.06944723425827620000 -0.03623404272830670000
0.07444721090169520000 -0.03703297126184040000
0.07945419451938940000 -0.03778693281601840000
0.08446662800596400000 -0.03850367955126890000
0.08948362158690830000 -0.03918748238524520000
0.09450484159678030000 -0.03984020984442070000
0.09952962070469690000 -0.04046446451924040000
0.10455784768884400000 -0.04106035763151810000
0.10958918888378000000 -0.04162914598775090000
0.11462331062406300000 -0.04217246454860290000
0.11966010168788000000 -0.04269120308858530000
0.12469922840978800000 -0.04318711891235740000
0.12974024590253300000 -0.04366212503511830000
0.13478315416611300000 -0.04411776744008090000
0.13982761953508800000 -0.04455573669881640000
0.14487341956583000000 -0.04497721176255210000
0.14992055425833800000 -0.04538304903925490000
0.15496868994717200000 -0.04577592897463940000
0.16001793785414400000 -0.04615493954983190000
0.16506807553562700000 -0.04652107063897600000
0.17011899176980800000 -0.04687730298668390000
0.17517057533487200000 -0.04722303599516050000
0.18022293745263300000 -0.04755633440484430000
0.18527596690127800000 -0.04788181392101160000
0.19032944123717800000 -0.04819768387245880000
0.19538358290396200000 -0.04850521218786430000
0.20043816945800000000 -0.04880442111159080000
0.20549297845566700000 -0.04909861393151090000
0.21054834356240300000 -0.04938499898009600000
0.21560404233458100000 -0.04966390992278760000
0.22066007477220100000 -0.04993678152098500000
0.22571655209707600000 -0.05020341357542320000
0.23077325186557900000 -0.05046324997703270000
0.23583039652133800000 -0.05071561227274880000
0.24088776362072400000 -0.05096278050975630000
0.24594535316373800000 -0.05120489927641310000
0.25100327637219300000 -0.05144154592982660000
0.25606142202427700000 -0.05167254251509450000
0.26111990134180200000 -0.05189795576530510000
0.26617849188114100000 -0.05211797475754200000
0.27123730486410800000 -0.05233282193543310000
0.27629645151251600000 -0.05254270862042460000
0.28135570938273900000 -0.05274773491214920000
0.28641518969658900000 -0.05294771173352320000
0.29147478123225300000 -0.05314317294925330000
0.29653459521154500000 -0.05333406294843250000
0.30159474285627800000 -0.05351896921402440000
0.30665489050101200000 -0.05369947109578620000
0.31171526058937300000 -0.05387580215952720000
0.31677574189954800000 -0.05404730619654540000
0.32183644565335100000 -0.05421377188539440000
0.32689726062896800000 -0.05437528820352520000
0.33195829804821300000 -0.05453205535020300000
0.33701944668927100000 -0.05468429576905550000
0.34208070655214400000 -0.05483203170444540000
0.34714207763683000000 -0.05497529652291690000
0.35220355994333000000 -0.05511426817937230000
0.35726526469345800000 -0.05524862413055130000
0.36232696944358600000 -0.05537880926370940000
0.36738889663734200000 -0.05550476796793960000
0.37245082383109700000 -0.05562627779961430000
0.37751286224666700000 -0.05574334988091480000
0.38257501188405100000 -0.05585651807654770000
0.38763727274324800000 -0.05596483700109510000
0.39269964482426000000 -0.05606887388580770000
0.39776212812708500000 -0.05616870658595520000
0.40282461142991000000 -0.05626373450374270000
0.40788720595454900000 -0.05635577055473660000
0.41294991170100200000 -0.05644502606038320000
0.41801250622564100000 -0.05653108949997120000
0.42307532319390800000 -0.05661377179641690000
0.42813814016217500000 -0.05669303958317620000
0.43320095713044100000 -0.05676910418169550000
0.43826388532052200000 -0.05684199895851890000
0.44332681351060300000 -0.05691146810347450000
0.44838985292249800000 -0.05697740039474850000
0.45345289233439200000 -0.05703984032106620000
0.45851593174628700000 -0.05709887685987900000
0.46357908237999600000 -0.05715468796608890000
0.46864223301370400000 -0.05720742935023550000
0.47370538364741200000 -0.05725725672285820000
0.47876853428112100000 -0.05730427018358940000
0.48383179613664400000 -0.05734843636588510000
0.48889505799216600000 -0.05738959955920570000
0.49395831984768900000 -0.05742742609810970000
0.49902169292502500000 -0.05746135987352750000
0.50408495478054700000 -0.05749058896621770000
0.50914832785788300000 -0.05751565836306850000
0.51421170093522000000 -0.05753885923344590000
0.51927507401255600000 -0.05756008035553610000
0.52433844708989200000 -0.05757911040789270000
0.52940193138904300000 -0.05759579367997610000
0.53446530446637900000 -0.05760996333906570000
0.53952867754371500000 -0.05762144143025910000
0.54459216184286500000 -0.05763009448737980000
0.54965553492020100000 -0.05763577792206950000
0.55471890799753800000 -0.05763836939033320000
0.55978239229668800000 -0.05763774654817540000
0.56484576537402400000 -0.05763378705160090000
0.56990924967317400000 -0.05762640192315860000
0.57497262275051100000 -0.05761549106321600000
0.58003599582784700000 -0.05760096549432200000
0.58509948012699700000 -0.05758276960556960000
0.59016285320433400000 -0.05756087003041470000
0.59522611505985600000 -0.05753573390047560000
0.60028948813719200000 -0.05750720550521290000
0.60535286121452900000 -0.05747481771300810000
0.61041612307005100000 -0.05743815900315000000
0.61547938492557400000 -0.05739678448838300000
0.62054253555928200000 -0.05735073865743260000
0.62560579741480500000 -0.05730126719461440000
0.63066894804851300000 -0.05724834785556560000
0.63573198746040800000 -0.05719175819665840000
0.64079513809411600000 -0.05713119791899540000
0.64585806628419700000 -0.05706635560149760000
0.65092099447427800000 -0.05699689757872340000
0.65598392266435800000 -0.05692246794086830000
0.66104673963262500000 -0.05684276638903480000
0.66610944537907800000 -0.05675749262432540000
0.67117203990371800000 -0.05666644644747520000
0.67623452320654300000 -0.05656944990358180000
0.68129689528755400000 -0.05646646962610120000
0.68635915614675100000 -0.05635756122594020000
0.69142130578413500000 -0.05624292490236390000
0.69648323297789100000 -0.05612289432081400000
0.70154516017164600000 -0.05599798110163430000
0.70660697614358800000 -0.05586890818661510000
0.71166868089371600000 -0.05573657647244890000
0.71673016320021600000 -0.05559853907923020000
0.72179153428490200000 -0.05545306094666220000
0.72685268292596100000 -0.05530187713504170000
0.73191372034520600000 -0.05514591078542400000
0.73697453532082200000 -0.05498547331888780000
0.74203535029643900000 -0.05482043126925670000
0.74709583160661500000 -0.05465045097108880000
0.75215631291679000000 -0.05447509865931000000
0.75721646056152300000 -0.05429406291284150000
0.76227638576262900000 -0.05410737709822730000
0.76733619974192100000 -0.05391587537907170000
0.77239590249939900000 -0.05372063660696950000
0.77745538281324900000 -0.05352014816525160000
0.78251452946165700000 -0.05331372047867200000
0.78757356488825200000 -0.05310179843448620000
0.79263237787121900000 -0.05288597250463290000
0.79769107963237200000 -0.05266895650137100000
0.80274978139352500000 -0.05244873730986910000
0.80780826071105000000 -0.05222549288502930000
0.81286674002857500000 -0.05200055788861850000
0.81792510812428700000 -0.05177461077370120000
0.82298336499818300000 -0.05154792959481230000
0.82804173309389500000 -0.05132059220722140000
0.83309998996779200000 -0.05109287666546320000
0.83815835806350300000 -0.05086484970262620000
0.84321661493740100000 -0.05063655580743590000
0.84827487181129800000 -0.05040805059079920000
0.85333312868519600000 -0.05017940078580440000
0.85839138555909300000 -0.04995068424772120000
0.86344964243299000000 -0.04972198995400090000
0.86850789930688800000 -0.04949345137082000000
0.87356615618078500000 -0.04926516859781100000
0.87862441305468300000 -0.04903710826842980000
0.88368278115039400000 -0.04880950394848560000
0.88874114924610500000 -0.04858251134851780000
0.89379940612000300000 -0.04835611934634490000
0.89885788543752800000 -0.04813012774270210000
0.90391625353323900000 -0.04790419174996620000
0.90897462162895000000 -0.04767817790196060000
0.91403298972466100000 -0.04745246435285250000
0.91909124659855900000 -0.04722503798781050000
0.92414961469427000000 -0.04699718897987570000
0.92920787156816800000 -0.04676853917488100000
0.93426590599843700000 -0.04653591875113030000
0.93932371798507900000 -0.04629671399599740000
0.94438130752809300000 -0.04605379443228050000
0.94943856340566500000 -0.04580518031169250000
0.95449548561779600000 -0.04554715682564940000
0.95955196294267100000 -0.04528185943297780000
0.96460788415847700000 -0.04500676339850260000
0.96966213704707400000 -0.04470317233530890000
0.97471527771753300000 -0.04438102947355820000
0.97976897449706000000 -0.04406630510679410000
0.98482456204742500000 -0.04378526982745720000
0.98988248525588000000 -0.04354871215149480000
0.99494140946066100000 -0.04333618950951400000
1.00000000000000000000 -0.04311556991948210000