Airfoil 595
1.00000000000000000000 -0.03322257410119160000
0.99480705932476000000 -0.03285532619272930000
0.98961608359285000000 -0.03246152843232540000
0.98442926891740500000 -0.03201631272835960000
0.97924655750597400000 -0.03152558546931340000
0.97406748701894900000 -0.03099798084735060000
0.96889142173937000000 -0.03044191922256670000
0.96371784153518000000 -0.02986259035705220000
0.95854663082147700000 -0.02926265848279330000
0.95337773180581000000 -0.02864294425259280000
0.94821126007308000000 -0.02800378864191090000
0.94304715783083700000 -0.02734556152243350000
0.93788542507908000000 -0.02666878302621850000
0.93272611961026200000 -0.02597394438909850000
0.92756901025457700000 -0.02526276782611040000
0.92241421259692800000 -0.02453515509008750000
0.91726155325996200000 -0.02379278216210570000
0.91211080107387600000 -0.02303686268363410000
0.90696212941602200000 -0.02226698632827110000
0.90181542270149900000 -0.02148448232238730000
0.89667050755295300000 -0.02068981300559000000
0.89152744176283600000 -0.01988337136654530000
0.88638622533114800000 -0.01906560818637000000
0.88124668488053600000 -0.01823693957071070000
0.87610887820345000000 -0.01739779896294910000
0.87097268971498900000 -0.01654861980646700000
0.86583811941515400000 -0.01568984710313610000
0.86070510951149300000 -0.01482190851709310000
0.85557354441910400000 -0.01394516236153360000
0.85044342413798800000 -0.01306010565153530000
0.84531469087569300000 -0.01216709092104870000
0.84018728683976900000 -0.01126658628892600000
0.83506115423776400000 -0.01035881714572560000
0.82993623527722900000 -0.00944418225935888000
0.82481247216571100000 -0.00852304572226636000
0.81968986490321100000 -0.00759560402878110000
0.81456829790482700000 -0.00666226750530448000
0.80944782896301000000 -0.00572318872390685000
0.80432834249285900000 -0.00477863179608881000
0.79920978070192200000 -0.00382895387919690000
0.79409214359019900000 -0.00287454738397270000
0.78897531557278900000 -0.00191557586305223000
0.78385929664969100000 -0.00095236006453798600
0.77874402902845500000 0.00001485994172902760
0.77362951270908000000 0.00098587390681244700
0.76851563210666500000 0.00196025803866985000
0.76340232942876000000 0.00293792154536089000
0.75828966246781400000 0.00391858263089499000
0.75317757343137700000 0.00490234514830641000
0.74806583114964600000 0.00588804920310567000
0.74295449341507000000 0.00687574415004585000
0.73784350243520000000 0.00786538612465670000
0.73273291600248700000 0.00885684451599920000
0.72762261853202800000 0.00984990549200505000
0.72251255223137200000 0.01084428240211780000
0.71740271710052000000 0.01183961751106640000
0.71229293976211900000 0.01283548951188380000
0.70718322021616900000 0.01383141988307660000
0.70207338508531700000 0.01482691796673670000
0.69696360774691600000 0.01582266166831320000
0.69185388820096600000 0.01681861226686380000
0.68674405307011400000 0.01781412017524060000
0.68163398676945900000 0.01880853811799350000
0.67652363150654900000 0.01980121593004990000
0.67141292948893300000 0.02079229404706550000
0.66630205409396500000 0.02178248447203530000
0.66119094752919300000 0.02277131041723950000
0.65607949420971600000 0.02375827775722290000
0.65096752075818200000 0.02474289178860590000
0.64585508496703900000 0.02572478668517410000
0.64074212904383900000 0.02670420748691950000
0.63562871078103100000 0.02768095365403750000
0.63051471459371500000 0.02865476454257450000
0.62540008268943900000 0.02962540898272690000
0.62028487286065300000 0.03059268354506750000
0.61516891173000700000 0.03155641543016830000
0.61005231488240000000 0.03251645900105290000
0.60493502452538200000 0.03347269867281950000
0.59981698286650300000 0.03442510381546920000
0.59469824769821300000 0.03537382873484580000
0.58957881902051300000 0.03631881448264950000
0.58445869683340100000 0.03725985531775500000
0.57933776555197700000 0.03819664898564420000
0.57421602517624100000 0.03912883543934800000
0.56909336012129000000 0.04005603093699250000
0.56396977038712500000 0.04097787138613690000
0.55884508259639300000 0.04189404875301810000
0.55371941233399600000 0.04280434804971860000
0.54859264401503100000 0.04370868952265630000
0.54346489322440200000 0.04460716217220560000
0.53833615996210700000 0.04550006767496000000
0.53320650202059700000 0.04638795505920320000
0.52807603498477600000 0.04727098787757110000
0.52294394976032900000 0.04814446587003240000
0.51781041972461000000 0.04900949922956880000
0.51267573383987200000 0.04986748306594500000
0.50753989210611800000 0.05071861387349390000
0.50240283673089400000 0.05156235880581840000
0.49726445212929900000 0.05239792379464310000
0.49212462271643200000 0.05322472802583650000
0.48698340628474400000 0.05404283796071710000
0.48184086062668500000 0.05485242408701510000
0.47669687015735400000 0.05565319917624950000
0.47155155046165200000 0.05644478468786700000
0.46640472816222700000 0.05722679341244660000
0.46125640325907800000 0.05799892020584750000
0.45610657575220600000 0.05876101769731990000
0.45095530343406200000 0.05951322690044410000
0.44580264409709600000 0.06025555359446500000
0.44064830877905500000 0.06098657608509080000
0.43549247085729000000 0.06170667580249730000
0.43033507253935100000 0.06241583540894920000
0.42517617161768800000 0.06311366769502550000
0.42001571029985100000 0.06379979123055040000
0.41485368858584100000 0.06447425802872960000
0.40969016426810700000 0.06513699295937690000
0.40452519513910000000 0.06578873576586380000
0.39935907016107600000 0.06643108151983510000
0.39419178933403300000 0.06706392041563410000
0.38902323707307100000 0.06768645491743830000
0.38385341337819000000 0.06829786437244510000
0.37868214487203500000 0.06889728189389100000
0.37350948934706000000 0.06948469014404080000
0.36833544680326300000 0.07005992730403190000
0.36316001724064400000 0.07062216116257140000
0.35798302728185100000 0.07117029366309240000
0.35280453471933500000 0.07170331921694930000
0.34762453955309600000 0.07222229542599340000
0.34244309957558400000 0.07272611267516750000
0.33726009920189800000 0.07321380583054170000
0.33207553843203800000 0.07368484898081280000
0.32688953285090500000 0.07413887225429510000
0.32170196687359800000 0.07457536129817560000
0.31651284050011700000 0.07499336831625970000
0.31132226931536400000 0.07539189927839190000
0.30613025331933800000 0.07577172282416910000
0.30093685030449100000 0.07613214544418060000
0.29574200247837100000 0.07647126576679200000
0.29054570984097900000 0.07678762742224050000
0.28534814576966800000 0.07708183145201570000
0.28014948364178900000 0.07735647273716260000
0.27494949228754000000 0.07760407871378050000
0.26974840287672300000 0.07782763725158060000
0.26454621540934000000 0.07802389463557760000
0.25934321884764400000 0.07819779789956800000
0.25413929760673400000 0.07834096713817220000
0.24893468285641300000 0.07845570827018060000
0.24372960576648400000 0.07854553507660790000
0.23852395075204700000 0.07859954790121510000
0.23331812236025800000 0.07862233546460330000
0.22811223617601700000 0.07861152249704070000
0.22290658116158000000 0.07856610918912680000
0.21770133069429900000 0.07848426352016820000
0.21249683152888000000 0.07836371424684470000
0.20729314145777300000 0.07821320536697690000
0.20209002931117500000 0.07804302393682410000
0.19688766846643900000 0.07785104897343850000
0.19168629009336800000 0.07763404987881500000
0.18648624094666800000 0.07738743215310750000
0.18128780998859300000 0.07710875117564290000
0.17609151735120100000 0.07679362049939840000
0.17089753641184500000 0.07644134083571810000
0.16570667626483700000 0.07604610982253210000
0.16051928366488300000 0.07560799681078140000
0.15533599432894200000 0.07512361516284350000
0.15015755955887700000 0.07458950311090980000
0.14498496182635200000 0.07400195615887790000
0.13981877905587700000 0.07336019988790580000
0.13466057164362500000 0.07265765173783630000
0.12951143764616400000 0.07189113890311550000
0.12437276408231500000 0.07105746546120860000
0.11924611134825300000 0.07015281711035670000
0.11413309763260200000 0.06917403838274070000
0.10903539891643800000 0.06811843615014900000
0.10395463338838600000 0.06698405702774120000
0.09889265040687620000 0.06576880314954990000
0.09385135712278660000 0.06447020677792180000
0.08883300744170270000 0.06308567303181160000
0.08384031760881660000 0.06161138760946030000
0.07887635062402550000 0.06004306809025660000
0.07394463182683440000 0.05837625867623620000
0.06904868655674770000 0.05660708611734020000
0.06419215573817200000 0.05473231692594090000
0.05937862250306270000 0.05274983300871310000
0.05461109205886640000 0.05065928472132880000
0.04989453455636020000 0.04845603942092430000
0.04523779224053130000 0.04612921074352420000
0.04065433075243800000 0.04366133034292080000
0.03616801837430060000 0.04102112614600980000
0.03180422599206230000 0.03818332435816570000
0.02757665041658530000 0.03514626633604760000
0.02348783451570900000 0.03192458166067530000
0.01951980483720500000 0.02855508759081650000
0.01567799387145730000 0.02504260979612100000
0.01203955454041190000 0.02132116143408040000
0.00876514985755896000 0.01727724391038060000
0.00592366842436628000 0.01291757733121170000
0.00347506007236304000 0.00832528631247060000
0.00146105095109614000 0.00352760635573635000
0.00000000000000000000 -0.00145207116007596000
0.00184305905151713000 -0.00617001452555461000
0.00530037684145528000 -0.00988564723326154000
0.00940901555298881000 -0.01290494447937030000
0.01378939436863410000 -0.01551442967693210000
0.01826813593570420000 -0.01795417844621300000
0.02279877512367870000 -0.02029600946594110000
0.02740437112046500000 -0.02248626822470490000
0.03209209018997420000 -0.02449489108954840000
0.03685112514388870000 -0.02632821211308970000
0.04165327326617150000 -0.02804596557257470000
0.04648454878370580000 -0.02968013381032910000
0.05133200618749090000 -0.03126577950631150000
0.05619495196811610000 -0.03280331876616820000
0.06107275040862150000 -0.03429300587668320000
0.06596915801831540000 -0.03572020201004460000
0.07088249881612150000 -0.03708817821897310000
0.07581277280204040000 -0.03839354208660110000
0.08075789944783930000 -0.03964162207690120000
0.08571562484793360000 -0.04083889672361880000
0.09068334834203280000 -0.04199369391892810000
0.09566101213768600000 -0.04310514677606550000
0.10064474414068300000 -0.04418874367187110000
0.10563662487925700000 -0.04523441716139890000
0.11063440044782200000 -0.04625158163489990000
0.11563847539353500000 -0.04723710474153540000
0.12064884971639500000 -0.04819021206246350000
0.12566517666169800000 -0.04911132548257560000
0.13068728285209000000 -0.05000065305469510000
0.13571470594796400000 -0.05085903854860500000
0.14074709919461600000 -0.05168823307556740000
0.14578400025243700000 -0.05248923644498290000
0.15082512015917400000 -0.05326353392283950000
0.15586988099031700000 -0.05401356435056480000
0.16091810936851500000 -0.05473985941870730000
0.16596928516170700000 -0.05544532030830190000
0.17102335057744500000 -0.05612986610991730000
0.17607995886102200000 -0.05679555423480540000
0.18113864767283100000 -0.05744522229230520000
0.18619953259777400000 -0.05807748326359520000
0.19126215129624400000 -0.05869528456367100000
0.19632638818333900000 -0.05930008256229540000
0.20139195429680500000 -0.05989361103299500000
0.20645861846683800000 -0.06047777712664950000
0.21152672744814300000 -0.06104917108865600000
0.21659685916523000000 -0.06160236042863040000
0.22166895582564700000 -0.06213740293902350000
0.22674290184449200000 -0.06265435641228630000
0.23181863942931600000 -0.06315356760312400000
0.23689611078766600000 -0.06363492092663490000
0.24197520033464100000 -0.06409870534507350000
0.24705590807024200000 -0.06454411176412730000
0.25213800282466400000 -0.06497391422143920000
0.25722154239035800000 -0.06538603218877700000
0.26230646897487400000 -0.06578063904349330000
0.26739255140840800000 -0.06615958414401690000
0.27247990527586100000 -0.06652234735828970000
0.27756824161498000000 -0.06686996895042780000
0.28265756042576400000 -0.06720285346758750000
0.28774791950066400000 -0.06752007623055440000
0.29283920325477800000 -0.06782169503177950000
0.29793123831075400000 -0.06811077287116020000
0.30302402466859200000 -0.06838661623928570000
0.30811744674339000000 -0.06864910955125430000
0.31321156232759800000 -0.06889888852402590000
0.31830619804386400000 -0.06913728238397100000
0.32340141168463900000 -0.06936365541412970000
0.32849708766502200000 -0.06957904787861830000
0.33359316819256100000 -0.06978403770194560000
0.33868965326725600000 -0.06997856709166080000
0.34378660068155800000 -0.07016252046286210000
0.34888383705811500000 -0.07033636015515660000
0.35398136239692600000 -0.07050187773452210000
0.35907917669799100000 -0.07065814852174420000
0.36417733775376200000 -0.07080476796966680000
0.36927567218688600000 -0.07094214062544610000
0.37437429558226400000 -0.07107038207398380000
0.37947309235499500000 -0.07119174622086500000
0.38457206250507900000 -0.07130484604726800000
0.38967120603251500000 -0.07140898804378220000
0.39477052293730400000 -0.07150440338021110000
0.39987001321944500000 -0.07159184335841640000
0.40496961908648900000 -0.07167136577084900000
0.41006934053843400000 -0.07174216152319630000
0.41516917757528100000 -0.07180353710604760000
0.42026913019702900000 -0.07185514576469760000
0.42536919840368000000 -0.07189687191424430000
0.43046932440278100000 -0.07192877334713880000
0.43556950819433400000 -0.07195102344073370000
0.44066969198588600000 -0.07196373777993070000
0.44576987577743800000 -0.07196726311943540000
0.45087011736144200000 -0.07196165725169850000
0.45597030115299400000 -0.07194697796917100000
0.46107048494454600000 -0.07192287851714740000
0.46617061094364800000 -0.07188930110317700000
0.47127062135784700000 -0.07184665027441590000
0.47637063177204700000 -0.07179544616292220000
0.48147046880889400000 -0.07173626669320500000
0.48657024805329000000 -0.07166859173320600000
0.49166991171278400000 -0.07159247907537630000
0.49676945978737700000 -0.07150827547442110000
0.50186883448461700000 -0.07141626989259500000
0.50696809359695500000 -0.07131675129215250000
0.51206717933194000000 -0.07120983525799530000
0.51716609168957300000 -0.07109581075237800000
0.52226488846230300000 -0.07097473556775130000
0.52736351185768200000 -0.07084660970411540000
0.53246196187570700000 -0.07071125978411750000
0.53756018072392900000 -0.07056851243040490000
0.54265822619479800000 -0.07041946569954470000
0.54775604049586400000 -0.07026435076134040000
0.55285373921202800000 -0.07010299423843940000
0.55795120675838800000 -0.06993545392329250000
0.56304844313494500000 -0.06976167202344890000
0.56814550613414800000 -0.06958164853890860000
0.57324233796354900000 -0.06939544126212240000
0.57833893862314600000 -0.06920322357044300000
0.58343530811293900000 -0.06900499546387050000
0.58853144643292800000 -0.06880064135750310000
0.59362729579066400000 -0.06858987228908620000
0.59872285618614400000 -0.06837263046616890000
0.60381818541182100000 -0.06814897368120230000
0.60891322567524400000 -0.06791895972663710000
0.61400797697641200000 -0.06768253081002250000
0.61910238152287500000 -0.06743957134645660000
0.62419649710708300000 -0.06718967678878330000
0.62929020814413500000 -0.06693261596719880000
0.63438357242648200000 -0.06666792654209620000
0.63947653216167200000 -0.06639595526818070000
0.64456908734970600000 -0.06611629759829600000
0.64966118019813300000 -0.06582820223058060000
0.65475275291450200000 -0.06553149578768160000
0.65984386329126400000 -0.06522640943940280000
0.66493439574351700000 -0.06491300097819500000
0.67002446585616200000 -0.06459115481915640000
0.67511390025184800000 -0.06425988849062180000
0.68020264113812300000 -0.06391741042661350000
0.68529063072253600000 -0.06356441413654210000
0.69037804238244000000 -0.06320355807314880000
0.69546487611783600000 -0.06283380197231770000
0.70055095855137000000 -0.06245433673973600000
0.70563628968304200000 -0.06206487341314930000
0.71072081172040100000 -0.06166541199255770000
0.71580464024835000000 -0.06125647261001920000
0.72088771747443800000 -0.06083903773719900000
0.72597010119111400000 -0.06041241386468640000
0.73105161802102700000 -0.05997631203022680000
0.73613244134152900000 -0.05953165691303470000
0.74121245556771900000 -0.05907833292820830000
0.74629171849204700000 -0.05861605111349290000
0.75137023011451400000 -0.05814625628016120000
0.75644793264266700000 -0.05766774634523430000
0.76152494166141000000 -0.05718168871622050000
0.76660125717074300000 -0.05668801982142360000
0.77167682137821400000 -0.05618706329856890000
0.77675163428382300000 -0.05567903297972440000
0.78182581147247200000 -0.05516418893091940000
0.78689929515171000000 -0.05464282589365330000
0.79197220090644000000 -0.05411517503772980000
0.79704441315175900000 -0.05358145019521710000
0.80211598968011800000 -0.05304199812082070000
0.80718704607641800000 -0.05249739095980430000
0.81225764013311200000 -0.05194819507818680000
0.81732777185019900000 -0.05139508664764370000
0.82239749902012900000 -0.05083800787572400000
0.82746682164290300000 -0.05027753090769170000
0.83253579751097200000 -0.04971378288693870000
0.83760442662433500000 -0.04914724349080740000
0.84267282456789500000 -0.04857813233061120000
0.84774093354920000000 -0.04800702733085910000
0.85280892694560300000 -0.04743426946701140000
0.85787668917220300000 -0.04686011880509720000
0.86294445139880300000 -0.04628525729603690000
0.86801209804050100000 -0.04571000857755560000
0.87307974468219900000 -0.04513448245531000000
0.87814744911634800000 -0.04455936665946570000
0.88321526913539800000 -0.04398534314094340000
0.88828326253180200000 -0.04341282800538950000
0.89335142930555800000 -0.04284185014902940000
0.89841982724911700000 -0.04227331691334220000
0.90348862973983300000 -0.04170782933981720000
0.90855783677770600000 -0.04114626587370800000
0.91362756394763600000 -0.04058939515461160000
0.91869786904207500000 -0.04003789913344840000
0.92376892543837600000 -0.03949317638753030000
0.92884067534408800000 -0.03895508821497500000
0.93391352330636600000 -0.03842744891754160000
0.93898735374031000000 -0.03790899284055560000
0.94406234002327200000 -0.03740255181411080000
0.94913871332505500000 -0.03690998675512610000
0.95421647364566000000 -0.03643142480699340000
0.95929562098508600000 -0.03596884825077850000
0.96437644430558800000 -0.03552415845811590000
0.96945894360716700000 -0.03509926835913020000
0.97454317668227200000 -0.03469618335186740000
0.97962943249315800000 -0.03431885643996880000
0.98471834675678600000 -0.03397996150791600000
0.98981009285050800000 -0.03368586728379760000
0.99490472856677400000 -0.03344848479174320000
1.00000000000000000000 -0.03322257410119160000