Airfoil 2730
1.00000000000000000000 -0.01320186835736870000
0.99520079276294700000 -0.01108772626179920000
0.99040139228219500000 -0.00897392814001202000
0.98560411748212000000 -0.00685548830460154000
0.98080085212741000000 -0.00475016778384069000
0.97597439752895400000 -0.00269912748537967000
0.97111702393883600000 -0.00072258127974866000
0.96622718540747300000 0.00117260739663443000
0.96130932653991600000 0.00299376924344899000
0.95636789194121700000 0.00474981685328533000
0.95140674648533200000 0.00644957025500245000
0.94642956180252300000 0.00810140231154247000
0.94143923654825800000 0.00971352955169588000
0.93643847613430700000 0.01129306199083910000
0.93142940624134600000 0.01284582689268190000
0.92641357281896000000 0.01437658674815880000
0.92139194208563700000 0.01588848447277230000
0.91636548025986600000 0.01738442355308300000
0.91133476707274300000 0.01886545600778230000
0.90629999576796300000 0.02033311735129370000
0.90126174607662200000 0.02178802789588730000
0.89622001799871800000 0.02323134381860760000
0.89117500477795100000 0.02466326995777430000
0.88612689965801600000 0.02608393771910210000
0.88107550939521900000 0.02749344179200290000
0.87602102723325500000 0.02889173579798920000
0.87096364641582200000 0.03027905162949850000
0.86590336694292200000 0.03165553228686720000
0.86083999557085500000 0.03302133043261660000
0.85577391878701800000 0.03437652529666290000
0.85070513659141000000 0.03572161931262060000
0.84563345574033300000 0.03705616222267360000
0.84055926272118400000 0.03838094439354620000
0.83548255753396300000 0.03969558706759070000
0.83040314693497200000 0.04100034339405120000
0.82532122416790700000 0.04229529840015480000
0.82023698247646800000 0.04358021632859000000
0.81515003537325900000 0.04485539090977780000
0.81006057610197800000 0.04612029652085980000
0.80496879790632100000 0.04737572932587130000
0.79987450754259100000 0.04862045063270890000
0.79477770501079000000 0.04985523534860100000
0.78967800382352000000 0.05107852399690580000
0.78457579046817700000 0.05229037455073260000
0.77947067845736700000 0.05349050294184540000
0.77436286103478500000 0.05467863089931950000
0.76925195171303800000 0.05585447049004480000
0.76413833697952000000 0.05701777049721410000
0.75902201683423200000 0.05816827777158330000
0.75390260478977700000 0.05930592661029490000
0.74877990760245900000 0.06042908990141290000
0.74365489149076500000 0.06154017159653890000
0.73852639699251000000 0.06263668851415500000
0.73339519708248400000 0.06371912762838000000
0.72826071202959400000 0.06478712177618790000
0.72312332832123600000 0.06584037915959480000
0.71798285271371200000 0.06687864662935650000
0.71283947845071900000 0.06790165171185900000
0.70769281904486200000 0.06890905429819400000
0.70254306773983900000 0.06990038480617560000
0.69739022453565000000 0.07087532245126540000
0.69223448267599300000 0.07183403535548050000
0.68707545567347100000 0.07277588967949180000
0.68191314352808500000 0.07369966412312870000
0.67674754623983500000 0.07460414125109450000
0.67157847056502400000 0.07548871041330380000
0.66640610974734700000 0.07635396486790930000
0.66123085027420300000 0.07720230856651250000
0.65605249890189300000 0.07803069598843480000
0.65086950968083300000 0.07883062054609510000
0.64568342856060700000 0.07960872789026390000
0.64049386905381900000 0.08036440737085570000
0.63530044467307300000 0.08109227715088450000
0.63010334866206700000 0.08179424841052230000
0.62490316075189600000 0.08247354638708680000
0.61969910796776600000 0.08312094949131500000
0.61449119030967900000 0.08373639008791240000
0.60928076048351900000 0.08433101640581020000
0.60406723875819300000 0.08489882243087820000
0.59885062513370000000 0.08543693076445470000
0.59363111285374000000 0.08594474814838720000
0.58840870191831100000 0.08642305528721520000
0.58318377881481000000 0.08687308700816820000
0.57795653678693400000 0.08729562208334870000
0.57272716907838000000 0.08769006145729320000
0.56749567568915100000 0.08805409586781200000
0.56226224986294200000 0.08839145491827440000
0.55702727808715100000 0.08870368069338930000
0.55179076036177600000 0.08899050071954290000
0.54655308317421400000 0.08925155942833110000
0.54131405328076600000 0.08948657661639180000
0.53607405716882900000 0.08969633298826450000
0.53083309483840300000 0.08988167495134610000
0.52559135953318500000 0.09004338321017590000
0.52034885125317500000 0.09018217469887320000
0.51510595648577000000 0.09029871031088470000
0.50986267523097000000 0.09039359683142170000
0.50461881424507500000 0.09046696759863600000
0.49937476001548300000 0.09051799552950030000
0.49413070578589000000 0.09054592504115610000
0.48888645831260000000 0.09055395045192940000
0.48364221083930900000 0.09054298966938520000
0.47839796336601900000 0.09051226971873190000
0.47315410238012400000 0.09046107559828730000
0.46791024139423000000 0.09038956770032080000
0.46266676689573200000 0.09029806101205980000
0.45742367888462800000 0.09018673525014340000
0.45218117060461900000 0.09005573727978190000
0.44693904881200500000 0.08990518497963120000
0.44169750675048600000 0.08973516917422910000
0.43645673766375700000 0.08954573044475230000
0.43121654830812200000 0.08933674898010810000
0.42597732517097700000 0.08910843734836410000
0.42073887500862300000 0.08886092888767190000
0.41550139106475900000 0.08859417335467000000
0.41026506658308300000 0.08830802195171110000
0.40502970831989500000 0.08800232781358480000
0.39979550951889500000 0.08767702910230770000
0.39456266342378000000 0.08733224949384650000
0.38933097679085200000 0.08696838320534480000
0.38410064286381000000 0.08658618002235060000
0.37887166164265300000 0.08618681873142080000
0.37364422637107900000 0.08576753015036490000
0.36841853029278500000 0.08532755289901300000
0.36319438016407600000 0.08486864356257900000
0.35797177598494900000 0.08439143404795500000
0.35275110424280100000 0.08389541612421550000
0.34753236493763200000 0.08337895494967650000
0.34231575131313900000 0.08284039829072090000
0.33710107012562600000 0.08228381392718930000
0.33188851461878900000 0.08170885981773640000
0.32667808479262900000 0.08111429147294790000
0.32146997389084400000 0.08049917552576300000
0.31626456840082900000 0.07986301340744100000
0.31106167507888700000 0.07920586888840240000
0.30586129392501800000 0.07852849561906880000
0.30066361818291800000 0.07783120665423080000
0.29546884109628700000 0.07711207535422050000
0.29027696266512400000 0.07637288342593250000
0.28508759640203500000 0.07561605221290120000
0.27990151528180900000 0.07483687623108310000
0.27471871930444600000 0.07403736135006230000
0.26953901522625100000 0.07321650656748370000
0.26436298277831500000 0.07237378432805210000
0.25919062196063900000 0.07150865934672420000
0.25402193277322300000 0.07062060213576800000
0.24885749494716100000 0.06970935181619120000
0.24369769496984700000 0.06877228413857660000
0.23854214635388800000 0.06781178952746700000
0.23339065585558300000 0.06683030671832970000
0.22824380320602900000 0.06582346260628160000
0.22310294111110900000 0.06478739038492790000
0.21796845605821900000 0.06372006679275170000
0.21284034804735900000 0.06262265322437740000
0.20771745761634300000 0.06150081944990090000
0.20259746584079500000 0.06036607506396850000
0.19747882677113200000 0.05922548698861200000
0.19236772420568600000 0.05805082811688080000
0.18726087300159400000 0.05685833671670840000
0.18216059208323100000 0.05563821533261200000
0.17706572198840800000 0.05439533757065230000
0.17197761542301100000 0.05312546559653460000
0.16689859131141600000 0.05181955753763470000
0.16183038884690200000 0.05047215232705030000
0.15677397424795800000 0.04908131559536550000
0.15172915427088800000 0.04764857590023060000
0.14669515594090000000 0.04617885515863090000
0.14166946708992200000 0.04468042613327280000
0.13664899581878600000 0.04316485059460120000
0.13163219617791000000 0.04163688813489490000
0.12662389925974200000 0.04008180971950100000
0.12162159289620700000 0.03850715571751100000
0.11662044599486000000 0.03692897888290840000
0.11163205317757400000 0.03531131656351640000
0.10666665636033600000 0.03362432613507000000
0.10173217853476000000 0.03184884748492360000
0.09683383728069010000 0.02997556046952810000
0.09197356503510350000 0.02800604775476910000
0.08714595097446020000 0.02595772639513740000
0.08234423156933440000 0.02384955746226970000
0.07756260950878830000 0.02169567866510350000
0.07280243749870730000 0.01949496146044310000
0.06805637227857340000 0.01726420916079480000
0.06332422060468660000 0.01500407550958850000
0.05860810815772440000 0.01271024112368890000
0.05390571601331280000 0.01038879086065530000
0.04921762390254490000 0.00803848216351006000
0.04455832510276260000 0.00563200873152325000
0.03995506697536690000 0.00311979891833773000
0.03543084552040840000 0.00046853343299555000
0.03104730547751230000 -0.00240914792476559000
0.02681430227527060000 -0.00550416411182394000
0.02270246287160480000 -0.00875887882325410000
0.01864743711511880000 -0.01208417772777490000
0.01461018977883850000 -0.01543138853519920000
0.01066067508139930000 -0.01887980299964460000
0.00709300993098722000 -0.02271627979600420000
0.00414565705079610000 -0.02704994364047550000
0.00164547008751855000 -0.03165754975107310000
0.00000000000000000000 -0.03659805678002280000
0.00150981301160081000 -0.04133069156315410000
0.00529081920448156000 -0.04468468715681130000
0.00975668106267758000 -0.04709710283250820000
0.01445095697177810000 -0.04903611009711850000
0.01923721688107410000 -0.05073669328727430000
0.02409149857202550000 -0.05223249613077810000
0.02900162769166700000 -0.05353283297386790000
0.03395369069375080000 -0.05466406225693570000
0.03893474025051750000 -0.05566025284391920000
0.04393550066446830000 -0.05655230440211080000
0.04894978813727140000 -0.05736591834332950000
0.05397489725715700000 -0.05810901765918880000
0.05900889558714500000 -0.05878881033962000000
0.06404927095916300000 -0.05942120034095920000
0.06909602337321200000 -0.06000010048672290000
0.07414857309819700000 -0.06052456388279150000
0.07920614715932760000 -0.06099959554094030000
0.08426719960701930000 -0.06143603643262090000
0.08933057097908680000 -0.06184393523012330000
0.09439606803183020000 -0.06222379436706220000
0.09946465698374070000 -0.06256168097281970000
0.10453479188523300000 -0.06287545076508080000
0.10960627949261200000 -0.06316606996233490000
0.11467911980587600000 -0.06343035004356680000
0.11975311958132600000 -0.06367372115668720000
0.12482808557526600000 -0.06389570019245140000
0.12990401778769600000 -0.06409657701640620000
0.13498052973122000000 -0.06427789757813470000
0.14005762140583600000 -0.06444089863730340000
0.14513548605524500000 -0.06458577343761020000
0.15021354394835100000 -0.06471532401267450000
0.15529218157255100000 -0.06482842954904850000
0.16037101244045000000 -0.06492717707866930000
0.16545003655204500000 -0.06501239754943800000
0.17052944715103700000 -0.06508482528740650000
0.17560885775002900000 -0.06514546515980390000
0.18068846159271800000 -0.06519466500528620000
0.18576806543540800000 -0.06523339104234300000
0.19084786252179600000 -0.06526264813820330000
0.19592746636448500000 -0.06528054250462770000
0.20100726345087200000 -0.06529262023574570000
0.20608706053726000000 -0.06528740265590270000
0.21116705086734600000 -0.06528119953320050000
0.21624684795373300000 -0.06526794301552540000
0.22132645179642200000 -0.06524318849782590000
0.22640624888281000000 -0.06520604705909180000
0.23148585272550000000 -0.06515928208420290000
0.23656526332449100000 -0.06510658452778870000
0.24164467392348300000 -0.06504308464866270000
0.24672408452247400000 -0.06497183569725130000
0.25180330187776800000 -0.06489297294414310000
0.25688232598936400000 -0.06480583936076530000
0.26196135010096000000 -0.06471093738073240000
0.26703998772516000000 -0.06460867281581000000
0.27211862534936000000 -0.06449898769288860000
0.27719706972986300000 -0.06438195930944750000
0.28227551411036500000 -0.06425772293607520000
0.28735357200347200000 -0.06412652978957890000
0.29243143665288000000 -0.06398828324810970000
0.29750930130228900000 -0.06384342777217260000
0.30258677946430200000 -0.06369227255168450000
0.30766406438261600000 -0.06353238271605180000
0.31274115605723400000 -0.06336700475939900000
0.31781824773185100000 -0.06319584881617950000
0.32289495291907100000 -0.06301798731664310000
0.32797127161889700000 -0.06283318836835260000
0.33304759031872200000 -0.06264164521500590000
0.33812352253115300000 -0.06244368637088920000
0.34319926149988400000 -0.06223950507970050000
0.34827461398122100000 -0.06202902404396060000
0.35334977321885900000 -0.06181156691072700000
0.35842473921279800000 -0.06158759746487460000
0.36349931871934300000 -0.06135812057363230000
0.36857370498219000000 -0.06112327150758880000
0.37364770475764100000 -0.06088237391380130000
0.37872151128939300000 -0.06063388184268690000
0.38379473809005300000 -0.06037590150600610000
0.38886777164701400000 -0.06011245237267510000
0.39394041871658000000 -0.05984477120236040000
0.39901306578614500000 -0.05957237488581710000
0.40408532636831500000 -0.05929476098943090000
0.40915720046309000000 -0.05901148505269660000
0.41422868807046700000 -0.05872202531762980000
0.41929978919045000000 -0.05842479718590800000
0.42437050382303600000 -0.05811976200879140000
0.42944063872453000000 -0.05780748019300410000
0.43451038713862700000 -0.05748828025283230000
0.43957974906532800000 -0.05716220083701580000
0.44464872450463500000 -0.05682908735059610000
0.44971712021284700000 -0.05648851465743790000
0.45478493618996500000 -0.05613976775585900000
0.45985217243598900000 -0.05578226691476580000
0.46491882895092100000 -0.05541800254424650000
0.46998490573475800000 -0.05504544801908780000
0.47505040278750100000 -0.05466205252247760000
0.48011454713436000000 -0.05426524591323400000
0.48517791850642700000 -0.05385543400312240000
0.49024013041630700000 -0.05343369895685120000
0.49530137610769700000 -0.05299903590719120000
0.50036126909320200000 -0.05255086512304890000
0.50542000261652000000 -0.05208897403635650000
0.51047757667765000000 -0.05161334332274420000
0.51553379803289600000 -0.05112412757717040000
0.52058866668225500000 -0.05062153936770280000
0.52564218262573000000 -0.05010577193803910000
0.53069453910701700000 -0.04957688326128890000
0.53574515639502400000 -0.04903468009375410000
0.54079461422084200000 -0.04847912378669530000
0.54584252609707800000 -0.04791054285439880000
0.55088889202373100000 -0.04732899526997400000
0.55593371200080100000 -0.04673432643846260000
0.56097717927198500000 -0.04612645906238540000
0.56601890734988900000 -0.04550556706107060000
0.57105908947820900000 -0.04487238476057010000
0.57609791890064500000 -0.04422836148861800000
0.58113558886089200000 -0.04357577752084960000
0.58617209935895200000 -0.04291351204381690000
0.59120745039482600000 -0.04224305303399370000
0.59624202845590800000 -0.04156747306617650000
0.60127602678589600000 -0.04088650159918820000
0.60630925214109200000 -0.04020008065991950000
0.61134189776519500000 -0.03950900254753170000
0.61637396365820400000 -0.03881376969563930000
0.62140544982011900000 -0.03811474926726820000
0.62643635625094100000 -0.03741219247922580000
0.63146687619436700000 -0.03670650514327760000
0.63649720289409500000 -0.03599830563925690000
0.64152714310642800000 -0.03528830896884580000
0.64655669683136400000 -0.03457620594212780000
0.65158625055630000000 -0.03386290480448280000
0.65661561103753900000 -0.03314927515255140000
0.66164497151877800000 -0.03243494982330760000
0.66667433200001600000 -0.03172041192599620000
0.67170369248125500000 -0.03100626051608050000
0.67673324620619200000 -0.03029315262213340000
0.68176299317482600000 -0.02958170662398820000
0.68679293338715900000 -0.02887246360399880000
0.69182326008688600000 -0.02816501775039990000
0.69685397327401100000 -0.02745992946991510000
0.70188507294853000000 -0.02675783646674770000
0.70691655911044500000 -0.02605924117451200000
0.71194862500345400000 -0.02536462670245280000
0.71698127062755700000 -0.02467418629426800000
0.72201449598275300000 -0.02398724359701500000
0.72704849431274100000 -0.02330656199557360000
0.73208365210491600000 -0.02263455703616730000
0.73711958287188400000 -0.02196773100786440000
0.74215590012624700000 -0.02130494377284740000
0.74719279711170300000 -0.02064642722355380000
0.75223046707195000000 -0.01999330217343120000
0.75726910325068800000 -0.01934721119391170000
0.76230870564791500000 -0.01871002101911700000
0.76734985399472400000 -0.01808350562619360000
0.77239235504742000000 -0.01746909115363200000
0.77743640204969700000 -0.01686752545454300000
0.78248199500155900000 -0.01627857856892610000
0.78752874741560700000 -0.01570074126350070000
0.79257665929184300000 -0.01513092550397470000
0.79762476441177700000 -0.01456416106243840000
0.80267248304431500000 -0.01399497527736750000
0.80772522601299800000 -0.01347109354482950000
0.81277758249428600000 -0.01294458756287430000
0.81783071195036500000 -0.01242417841958730000
0.82288519411232800000 -0.01191637069783970000
0.82794122222387600000 -0.01142545247528750000
0.83299898952870400000 -0.01095348952706120000
0.83805849602681300000 -0.01050032532576540000
0.84311954847450600000 -0.01006358104147920000
0.84818176038438500000 -0.00964045850545711000
0.85324532500015000000 -0.00923520134930480000
0.85831043556549800000 -0.00884911590041998000
0.86337709208042900000 -0.00848301764720774000
0.86844510130124600000 -0.00813793464614084000
0.87351465647164500000 -0.00781518481923888000
0.87858575759162700000 -0.00751645904885838000
0.88365821141749500000 -0.00724390813735685000
0.88873221119294600000 -0.00700021237482398000
0.89380756367428100000 -0.00678861825538430000
0.89888426886150300000 -0.00660934027954247000
0.90396194026721300000 -0.00646340457133427000
0.90904057789141400000 -0.00635133675361796000
0.91411979524670800000 -0.00627187494504632000
0.91919920584569900000 -0.00622346933116231000
0.92427900293208600000 -0.00620578366793158000
0.92935880001847400000 -0.00622119292040118000
0.93443840386116400000 -0.00627630022572796000
0.93951704148536400000 -0.00638086052578132000
0.94459471289107500000 -0.00653021278256818000
0.94967045185980700000 -0.00672952240013311000
0.95474348541676800000 -0.00699143331362892000
0.95981033517539700000 -0.00735367828750527000
0.96487042140460000000 -0.00780038814929158000
0.96992161842370000000 -0.00833801530606034000
0.97496334650160300000 -0.00895924548384647000
0.97999579888200800000 -0.00965046852900772000
0.98501704312793500000 -0.01041940452727470000
0.99001645083600200000 -0.01131860416985120000
0.99500754906505900000 -0.01226399871840780000
1.00000000000000000000 -0.01320186835736870000