Airfoil 2800
1.00000000000000000000 -0.01113145110874850000
0.99522674694093700000 -0.00893698310497374000
0.99044991020908700000 -0.00674978796602678000
0.98566829524685500000 -0.00457339760053198000
0.98088210114717400000 -0.00240704151884017000
0.97607301136024300000 -0.00029194987636328900
0.97123186761116400000 0.00174858809264989000
0.96635667897061000000 0.00370682132205671000
0.96145182548309900000 0.00558874428105551000
0.95652128900728300000 0.00740332365741681000
0.95156984777354400000 0.00915952201768742000
0.94660088636173600000 0.01086577871218730000
0.94161798844464600000 0.01253035848673440000
0.93662374223039800000 0.01416073529001870000
0.93161993955538600000 0.01576322076618920000
0.92660956681359700000 0.01734215115931820000
0.92159242491210000000 0.01890134825733960000
0.91657030568728900000 0.02044355715360820000
0.91154320913916200000 0.02197039288999320000
0.90651213073238400000 0.02348297556333350000
0.90147687137402000000 0.02498231059293860000
0.89643802834287000000 0.02646927996050000000
0.89139560163893300000 0.02794433958883330000
0.88634979035514200000 0.02940749545072650000
0.88130039539856400000 0.03085875152803830000
0.87624781495506500000 0.03229822329466950000
0.87119184993171200000 0.03372600233336920000
0.86613250032850400000 0.03514219217246230000
0.86107016433130700000 0.03654688439469780000
0.85600464284718800000 0.03794023230163380000
0.85093593587614800000 0.03932238720389910000
0.84586424251112000000 0.04069346656632380000
0.84078976184503400000 0.04205354206236390000
0.83571209569202700000 0.04340265948339370000
0.83063164223796400000 0.04474082082034250000
0.82554840148284400000 0.04606797032718930000
0.82046217433373600000 0.04738406420348890000
0.81537375716236900000 0.04868882571006500000
0.81028115903941600000 0.04998259728676150000
0.80518637089420600000 0.05126478364571020000
0.80008859635500700000 0.05253532306810170000
0.79498803451475100000 0.05379406026144890000
0.78988428718757400000 0.05504075432330310000
0.78477775255934000000 0.05627516236028660000
0.77966803244418400000 0.05749701957879900000
0.77455532593504100000 0.05870603928501750000
0.76943963303190700000 0.05990194075790700000
0.76432075464185200000 0.06108443929457390000
0.75919869076487500000 0.06225325417398340000
0.75407344140097700000 0.06340810666602960000
0.74894500655015700000 0.06454872401339500000
0.74381358530534900000 0.06567482549504460000
0.73867877948068600000 0.06678614233551940000
0.73354058907616900000 0.06788239779564310000
0.72839941227766300000 0.06896330717252200000
0.72325485089930300000 0.07002857182675730000
0.71810690494108900000 0.07107787918244480000
0.71295577349595200000 0.07211090670903370000
0.70780125747096200000 0.07312731395760920000
0.70264355595905100000 0.07412674853368060000
0.69748246986728400000 0.07510884410625200000
0.69231799919566500000 0.07607322438968060000
0.68715034303712300000 0.07701943346115100000
0.68197910320579400000 0.07794691186952250000
0.67680447879461200000 0.07885505437227990000
0.67162627071064300000 0.07974313029836070000
0.66644467804681900000 0.08061033531231710000
0.66125950171020800000 0.08145575756851790000
0.65607054260787800000 0.08227841354787590000
0.65087799983276200000 0.08307722615762590000
0.64568167429192600000 0.08385110237756780000
0.64048136689243900000 0.08459902285188680000
0.63527747582016400000 0.08532003989822370000
0.63006960288923700000 0.08601335714484810000
0.62485814628552300000 0.08667836337645690000
0.61964310600902300000 0.08731441552287780000
0.61442468115266900000 0.08792089241416110000
0.60920267262352700000 0.08849748346533200000
0.60397747860746400000 0.08904398560159920000
0.59874929819741200000 0.08956016787516080000
0.59351793230043900000 0.09004588693910550000
0.58828417728827500000 0.09050126224919270000
0.58304763497505400000 0.09092645307976860000
0.57780890263957400000 0.09132163264168450000
0.57256778118890300000 0.09168708563783410000
0.56732486790183900000 0.09202332373705400000
0.56208016277838200000 0.09233088050840380000
0.55683406400439600000 0.09261029748465990000
0.55158637248695000000 0.09286215999904440000
0.54633748641190700000 0.09308710713987080000
0.54108740577927000000 0.09328574215872490000
0.53583672786783500000 0.09345863047953530000
0.53058505449173500000 0.09360635345366520000
0.52533278383684000000 0.09372948645968970000
0.52007991590314500000 0.09382857501224420000
0.51482684887651800000 0.09390419448990400000
0.50957338366402600000 0.09395684660685920000
0.50431971935860300000 0.09398698529499600000
0.49906625414611100000 0.09399506448620090000
0.49381239074775300000 0.09398150227563230000
0.48855892553526100000 0.09394662517569950000
0.48330546032276900000 0.09389072187115510000
0.47805239329614200000 0.09381407507396310000
0.47279952536244900000 0.09371693365028930000
0.46754705561462000000 0.09359944492890400000
0.46229518314558900000 0.09346173832021320000
0.45704390795535500000 0.09330393925276450000
0.45179323004392000000 0.09312616519138810000
0.44654314941128200000 0.09292853160998490000
0.44129406424330700000 0.09271115000059730000
0.43604557635413000000 0.09247412190062080000
0.43079828302254900000 0.09221753491094580000
0.42555178606269900000 0.09194145274131060000
0.42030648366044300000 0.09164593312866580000
0.41506217672285100000 0.09133103380996190000
0.40981906434285400000 0.09099680654936120000
0.40457734561338500000 0.09064330311102620000
0.39933682144151200000 0.09027056928633150000
0.39409789001310000000 0.08987863493921700000
0.38886015314228400000 0.08946751400618790000
0.38362420810786000000 0.08903722241467880000
0.37838965672396500000 0.08858775817376040000
0.37315689717646400000 0.08811909938321010000
0.36792592946535500000 0.08763120821537080000
0.36269675359064100000 0.08712402096050400000
0.35746956864525200000 0.08659746395422460000
0.35224437462918900000 0.08605143167727840000
0.34702117154245200000 0.08548580268297640000
0.34180015847797400000 0.08490044756091250000
0.33658153452868700000 0.08429527273740840000
0.33136510060165900000 0.08367011495625930000
0.32615125488275400000 0.08302463974133850000
0.32093979827904100000 0.08235867786365320000
0.31573112897638400000 0.08167248217122790000
0.31052524697478300000 0.08096596904503090000
0.30532215227423900000 0.08023834012240240000
0.30012204396768300000 0.07948939830133910000
0.29492492205511600000 0.07872015696486810000
0.28973078653654000000 0.07793116560948320000
0.28453983650488400000 0.07712206984976450000
0.27935207196014900000 0.07629242769940160000
0.27416769199527000000 0.07544177925372010000
0.26898689570317600000 0.07456964668968180000
0.26380988217680300000 0.07367554621146060000
0.25863665141614800000 0.07275896415929030000
0.25346780070001100000 0.07181938886433410000
0.24830313093545800000 0.07085628078474470000
0.24314284121542200000 0.06986907648752290000
0.23798752881870200000 0.06885718466665870000
0.23283739283822900000 0.06782000804335450000
0.22769223418107100000 0.06675695132974170000
0.22255284921895800000 0.06566757453043940000
0.21741883976602600000 0.06455251474283170000
0.21229020582227300000 0.06341280326830960000
0.20716694738770100000 0.06224938579830300000
0.20204886536937700000 0.06106311046870460000
0.19693615886023200000 0.05985477365124490000
0.19182862876733600000 0.05862392141403770000
0.18672687236948400000 0.05736916607934250000
0.18163148694547600000 0.05608917571544050000
0.17654306977410900000 0.05478072302589400000
0.17146381087764100000 0.05343819558093330000
0.16639510390660100000 0.05205669569441630000
0.16133754613978700000 0.05063381832371720000
0.15629193394892900000 0.04917023441201890000
0.15125747096229600000 0.04766652132882590000
0.14623535173748400000 0.04612476954993050000
0.14122318715930200000 0.04455034462986630000
0.13621918539135700000 0.04294986043585430000
0.13122115641138900000 0.04133024739287810000
0.12622770656887200000 0.03969741258824800000
0.12123843767793900000 0.03805147348679420000
0.11625653522551200000 0.03638328176826380000
0.11128817109250200000 0.03467525752670830000
0.10634290173967400000 0.03290188501188590000
0.10143028362779200000 0.03104033622814460000
0.09655509498723810000 0.02908271116791900000
0.09171514579575440000 0.02703898637806160000
0.08690545873002540000 0.02492484839073180000
0.08212085737380490000 0.02275451244131740000
0.07735716077550700000 0.02053881316721020000
0.07261098435527700000 0.01828565873878610000
0.06787993899792530000 0.01600098053269310000
0.06316243195999050000 0.01368845460083860000
0.05845806505560670000 0.01134941765317220000
0.05376823193530220000 0.00898087214650055000
0.04909810901532590000 0.00657420193597968000
0.04445804912817220000 0.00411066341747001000
0.03986855884589780000 0.00155362456647514000
0.03537065131261950000 -0.00115970179860555000
0.03101330338975610000 -0.00409364734270663000
0.02680925702499360000 -0.00724381915990746000
0.02272108274700460000 -0.01054342216859990000
0.01869203906999660000 -0.01391531183926030000
0.01467414459721510000 -0.01729982997463560000
0.01072334444271840000 -0.02076266529690730000
0.00715360816121759000 -0.02460961857775970000
0.00419150351000784000 -0.02894496673157100000
0.00168591895324861000 -0.03356171283631770000
0.00000000000000000000 -0.03849595244068030000
0.00150434619871856000 -0.04322644033782090000
0.00532175408837292000 -0.04654398560159910000
0.00981428611247106000 -0.04890907027582340000
0.01452442671190010000 -0.05081803304146310000
0.01932256638753850000 -0.05248846256455590000
0.02418620763800150000 -0.05396027697808790000
0.02910400216613130000 -0.05523994680236840000
0.03406261074544320000 -0.05635162201012190000
0.03904968961411830000 -0.05732926785564970000
0.04405528412552350000 -0.05820507766615300000
0.04907441695634670000 -0.05900129012220330000
0.05410350443379910000 -0.05973132408745760000
0.05914095381442130000 -0.06040286454911430000
0.06418537144768400000 -0.06101933590561400000
0.06923556277599210000 -0.06158382409741220000
0.07429132870641330000 -0.06209995261588210000
0.07935127558841940000 -0.06257146440815650000
0.08441480614321140000 -0.06300252051652670000
0.08948132309199300000 -0.06339748107621680000
0.09455022915596520000 -0.06375981030425380000
0.09962112614926380000 -0.06409253441321340000
0.10469401407188800000 -0.06439838097627210000
0.10976809655210800000 -0.06467918164840990000
0.11484337358992400000 -0.06493636989874140000
0.11991984518533600000 -0.06517100091980940000
0.12499731224541000000 -0.06538397062981060000
0.13007557567721500000 -0.06557615503764850000
0.13515443638781700000 -0.06574848988010630000
0.14023409347015000000 -0.06590187107538060000
0.14531414873834800000 -0.06603723436025470000
0.15039460219241100000 -0.06615557519939160000
0.15547545383234000000 -0.06625780942028120000
0.16055670365813400000 -0.06634483294112030000
0.16563795348392700000 -0.06641742222434590000
0.17071960149558600000 -0.06647635373239520000
0.17580124950724400000 -0.06652230438123910000
0.18088309661183600000 -0.06655583163108880000
0.18596494371642700000 -0.06657743321427580000
0.19104679082101900000 -0.06658756704454510000
0.19612863792561000000 -0.06658663130776190000
0.20121048503020200000 -0.06657494455261830000
0.20629233213479300000 -0.06655288505568630000
0.21137398014645200000 -0.06652077136565810000
0.21645562815811100000 -0.06647890212193250000
0.22153727616977000000 -0.06642755605461520000
0.22661872508849700000 -0.06636697207522530000
0.23170017400722300000 -0.06629744882316170000
0.23678142383301700000 -0.06621916548206370000
0.24186247456587800000 -0.06613236096345060000
0.24694352529873900000 -0.06603725426954800000
0.25202437693866700000 -0.06593400467470210000
0.25710502948566300000 -0.06582279136255220000
0.26218548293972700000 -0.06570381342603100000
0.26726573730085700000 -0.06557721023019130000
0.27234579256905500000 -0.06544314104937910000
0.27742564874432100000 -0.06530172533935390000
0.28250530582665300000 -0.06515310246516870000
0.28758476381605400000 -0.06499739188258300000
0.29266402271252200000 -0.06483463341018320000
0.29774308251605700000 -0.06466492659443580000
0.30282194322665900000 -0.06448833116322040000
0.30790040575139600000 -0.06430486702583040000
0.31297866918320100000 -0.06411463372873190000
0.31805673352207300000 -0.06391763127192510000
0.32313459876801300000 -0.06371389947399650000
0.32821206582808800000 -0.06350347815353250000
0.33328933379522900000 -0.06328642703841300000
0.33836620357650600000 -0.06306274612863800000
0.34344287426484900000 -0.06283245533350060000
0.34851914676732800000 -0.06259559447158750000
0.35359522017687400000 -0.06235216354289860000
0.35867089540055500000 -0.06210216254743390000
0.36374617243837100000 -0.06184561139448670000
0.36882125038325400000 -0.06158251008405710000
0.37389593014227200000 -0.06131289843473140000
0.37897041080835700000 -0.06103687599297600000
0.38404429419564500000 -0.06075442284949770000
0.38911797849000000000 -0.06046561864146950000
0.39419126459848900000 -0.06017048327818460000
0.39926415252111400000 -0.05986905657822960000
0.40433664225787300000 -0.05956129872301790000
0.40940873380876700000 -0.05924695089173730000
0.41448042717379700000 -0.05892581399145500000
0.41955172235296000000 -0.05859770883853170000
0.42462261934625900000 -0.05826247615862130000
0.42969291906075900000 -0.05791995667737790000
0.43476262149646200000 -0.05756999112045520000
0.43983192574630000000 -0.05721238039492080000
0.44490063271734000000 -0.05684696522642840000
0.44996874240958200000 -0.05647356643133880000
0.45503625482302600000 -0.05609204464459920000
0.46010316995767300000 -0.05570218086398370000
0.46516928872058900000 -0.05530379590585300000
0.47023481020470700000 -0.05489595403342370000
0.47529933622416300000 -0.05447728150546110000
0.48036286677895500000 -0.05404634485285040000
0.48542520277615200000 -0.05360177033435670000
0.49048634421575300000 -0.05314304030835520000
0.49554629109775900000 -0.05267013486555260000
0.50060464523630400000 -0.05218313364312200000
0.50566180481725200000 -0.05168201673177010000
0.51071737165474100000 -0.05116684385937670000
0.51577174393463400000 -0.05063765484452840000
0.52082432437813300000 -0.05009446959651830000
0.52587571026403700000 -0.04953732793393300000
0.53092530431354700000 -0.04896628958465230000
0.53597330561959700000 -0.04838139436726280000
0.54101991327511900000 -0.04778266219105760000
0.54606472909424700000 -0.04717017269320980000
0.55110775307698100000 -0.04654394578301260000
0.55614918431625500000 -0.04590406109763920000
0.56118882371913600000 -0.04525055845567600000
0.56622667128562200000 -0.04458355731288250000
0.57126292610864900000 -0.04390397349674880000
0.57629758818821500000 -0.04321298165557720000
0.58133085661725200000 -0.04251177634696330000
0.58636273139576100000 -0.04180153221920930000
0.59139361070960700000 -0.04108344382991090000
0.59642349455879100000 -0.04035866591807730000
0.60145278112917600000 -0.03962839304130380000
0.60648107223489800000 -0.03889332202485480000
0.61150876606182200000 -0.03815337323155700000
0.61653586260994900000 -0.03740906430303540000
0.62156236187927800000 -0.03666083324374150000
0.62658826386981000000 -0.03590921760459350000
0.63161376767447500000 -0.03515465539004300000
0.63663907238620900000 -0.03439764433242150000
0.64166377981914400000 -0.03363866225476730000
0.64668848725208000000 -0.03287818698011860000
0.65171299559208300000 -0.03211667642222040000
0.65673730483915300000 -0.03135462831340410000
0.66176181317915600000 -0.03059248065812160000
0.66678612242622600000 -0.02983071127941100000
0.67181082985916100000 -0.02906979800031060000
0.67683553729209700000 -0.02831023855315190000
0.68186044381796500000 -0.02755245103309320000
0.68688594762263200000 -0.02679695308175950000
0.69191165052023000000 -0.02604416279430910000
0.69693795069662600000 -0.02529451817519380000
0.70196484815182000000 -0.02454843731957200000
0.70699214379288000000 -0.02380635823189550000
0.71202023580566900000 -0.02306873882590920000
0.71704892509725700000 -0.02233597728747830000
0.72207841076057500000 -0.02160855143964100000
0.72710889188855600000 -0.02088689928684910000
0.73213997029533500000 -0.02017143892426110000
0.73717224325970900000 -0.01946255858309540000
0.74220531259581400000 -0.01876065246735870000
0.74723957648951400000 -0.01806614663592670000
0.75227483584787700000 -0.01737953085741360000
0.75731128976383600000 -0.01670133670994950000
0.76234873914445800000 -0.01603210174445230000
0.76738758217560800000 -0.01537237943927470000
0.77242781885728700000 -0.01472273720927460000
0.77746925009656000000 -0.01408375441488580000
0.78251227407929500000 -0.01345602236211820000
0.78755669171255800000 -0.01284015226627490000
0.79260250299634900000 -0.01223677127009350000
0.79765010611653300000 -0.01164652642560490000
0.80269910288724600000 -0.01107007673041620000
0.80774969240141900000 -0.01050817873767120000
0.81280207375198600000 -0.00996146954475411000
0.81785624693894700000 -0.00943050860280562000
0.82291201286936700000 -0.00891584939017835000
0.82796937154324900000 -0.00841809117659942000
0.83302852205352500000 -0.00793782526807864000
0.83808926530726000000 -0.00747557926088740000
0.84315180039739000000 -0.00703173143159764000
0.84821572913804700000 -0.00660671580280243000
0.85328144971509800000 -0.00620121526326059000
0.85834876303561000000 -0.00581631287852544000
0.86341766909958200000 -0.00545317334225270000
0.86848796881408400000 -0.00511301709411920000
0.87356006036497700000 -0.00479771162583271000
0.87863374465933300000 -0.00450846941335277000
0.88370882260421500000 -0.00424740880548222000
0.88878549329255900000 -0.00401692489020025000
0.89386355763143100000 -0.00381943266477927000
0.89894281652789900000 -0.00365700070478898000
0.90402307088902900000 -0.00352958122792557000
0.90910412162189100000 -0.00343656700074461000
0.91418557054061700000 -0.00337766734756450000
0.91926741764520900000 -0.00335292407790108000
0.92434926474980000000 -0.00336272343204361000
0.92943091276145900000 -0.00340791752774360000
0.93451196349432000000 -0.00349076806071538000
0.93959241694838400000 -0.00361514539756868000
0.94467127765898600000 -0.00378998482911854000
0.94974755016146500000 -0.00402758432581160000
0.95481964171235900000 -0.00434035733199543000
0.95988576047527500000 -0.00473910463926352000
0.96494391552088700000 -0.00522848701316801000
0.96999271319866700000 -0.00580888073935152000
0.97503075985808700000 -0.00647339122955814000
0.98005805549914600000 -0.00721781961383935000
0.98507201191372100000 -0.00804472025452041000
0.99006585994210400000 -0.00898441898709480000
0.99503402498218200000 -0.01005244705123460000
1.00000000000000000000 -0.01113160640123600000