Airfoil 10
1.000000000 0.000000000
0.991886510 0.000950650
0.983761830 0.001800720
0.975626060 0.002536450
0.967484810 0.003213010
0.959344270 0.003898510
0.951209850 0.004646540
0.943087220 0.005509990
0.934980030 0.006508990
0.926886420 0.007618530
0.918804220 0.008810260
0.910730840 0.010055930
0.902662880 0.011337140
0.894600360 0.012652400
0.886543530 0.014001890
0.878492600 0.015385750
0.870447320 0.016802150
0.862406960 0.018246560
0.854370810 0.019714320
0.846338130 0.021200780
0.838308180 0.022701810
0.830280550 0.024215240
0.822254910 0.025739280
0.814230950 0.027272110
0.806208330 0.028811910
0.798186680 0.030356790
0.790165660 0.031904920
0.782144920 0.033454480
0.774124100 0.035003660
0.766102840 0.036550530
0.758080790 0.038093330
0.750057770 0.039631080
0.742033620 0.041162880
0.734008160 0.042687830
0.725981260 0.044205090
0.717952710 0.045713730
0.709922230 0.047212110
0.701889530 0.048698550
0.693854340 0.050171350
0.685816380 0.051628840
0.677775420 0.053069580
0.669731510 0.054493910
0.661684770 0.055902350
0.653635340 0.057295330
0.645583310 0.058673280
0.637528830 0.060036640
0.629471990 0.061385770
0.621412480 0.062719020
0.613349930 0.064034100
0.605284120 0.065328990
0.597214810 0.066601710
0.589141780 0.067850280
0.581064800 0.069072620
0.572983220 0.070265370
0.564896600 0.071423960
0.556804590 0.072543780
0.548706850 0.073620240
0.540603050 0.074648760
0.532492980 0.075627360
0.524376670 0.076555270
0.516254490 0.077431130
0.508126820 0.078253550
0.499994030 0.079021160
0.491856370 0.079732550
0.483713740 0.080387680
0.475566740 0.080988850
0.467416000 0.081538520
0.459262200 0.082039150
0.451105960 0.082493200
0.442947290 0.082902610
0.434786370 0.083268020
0.426623560 0.083589940
0.418459210 0.083868860
0.410293700 0.084105310
0.402127040 0.084300220
0.393959400 0.084454600
0.385791100 0.084569130
0.377622420 0.084644530
0.369453510 0.084679750
0.361284420 0.084671210
0.353115530 0.084618260
0.344947120 0.084520910
0.336779250 0.084380480
0.328612300 0.084195370
0.320446550 0.083964620
0.312282110 0.083689330
0.304119360 0.083368680
0.295958620 0.083001460
0.287800090 0.082586160
0.279644260 0.082121800
0.271491480 0.081607400
0.263342000 0.081041490
0.255196470 0.080422260
0.247055380 0.079747810
0.238919150 0.079015580
0.230788700 0.078222650
0.222664790 0.077366050
0.214547890 0.076443830
0.206438910 0.075455160
0.198338500 0.074399180
0.190247210 0.073274140
0.182166290 0.072077680
0.174096760 0.070807240
0.166039540 0.069459540
0.157996410 0.068031120
0.149968730 0.066518710
0.141957690 0.064919110
0.133965520 0.063228820
0.125994220 0.061443130
0.118045570 0.059557660
0.110122020 0.057570580
0.102225340 0.055479260
0.094360070 0.053271160
0.086534270 0.050929360
0.078754790 0.048438550
0.071022670 0.045801660
0.063338010 0.043030590
0.055698110 0.040134890
0.048139290 0.037026010
0.040750890 0.033553980
0.033601510 0.029611230
0.026601750 0.025396240
0.019576520 0.021226740
0.012356510 0.017161520
0.004397000 0.011576290
-0.000955200 0.005301810
0.000389390 -0.000359700
0.006722470 -0.005185900
0.013739570 -0.008958400
0.021285350 -0.011878400
0.029204500 -0.014147400
0.037341690 -0.015966300
0.045541600 -0.017536500
0.053648910 -0.019059200
0.061632950 -0.020628800
0.069708110 -0.021825300
0.077840340 -0.022642900
0.086000630 -0.023154700
0.094162600 -0.023443100
0.102322030 -0.023809500
0.110475910 -0.024306700
0.118628030 -0.024848400
0.126782160 -0.025348200
0.134941300 -0.025739000
0.143104810 -0.026031800
0.151271200 -0.026250300
0.159438970 -0.026417800
0.167606800 -0.026557800
0.175774830 -0.026687600
0.183943020 -0.026807300
0.192111380 -0.026914000
0.200279910 -0.027004900
0.208448630 -0.027076400
0.216617520 -0.027127300
0.224786510 -0.027161700
0.232955550 -0.027183600
0.241124590 -0.027197400
0.249293640 -0.027206100
0.257462700 -0.027209900
0.265631750 -0.027208700
0.273800800 -0.027202200
0.281969850 -0.027190400
0.290138880 -0.027173300
0.298307910 -0.027151300
0.306476920 -0.027124400
0.314645920 -0.027092800
0.322814890 -0.027056700
0.330983840 -0.027015700
0.339152770 -0.026969300
0.347321660 -0.026917000
0.355490500 -0.026858200
0.363659290 -0.026792600
0.371828010 -0.026719800
0.379996680 -0.026640200
0.388165280 -0.026553900
0.396333810 -0.026461300
0.404502270 -0.026362500
0.412670650 -0.026257900
0.420838960 -0.026147500
0.429007200 -0.026031500
0.437175350 -0.025909900
0.445343410 -0.025783000
0.453511390 -0.025650700
0.461679290 -0.025513000
0.469847100 -0.025370100
0.478014810 -0.025222000
0.486182420 -0.025068700
0.494349940 -0.024910200
0.502517350 -0.024746500
0.510684660 -0.024577400
0.518851860 -0.024403000
0.527018930 -0.024223200
0.535185880 -0.024037800
0.543352700 -0.023846700
0.551519380 -0.023649800
0.559685910 -0.023446700
0.567852280 -0.023237300
0.576018470 -0.023021100
0.584184470 -0.022797700
0.592350260 -0.022566500
0.600515800 -0.022327000
0.608681080 -0.022079000
0.616846110 -0.021822300
0.625010860 -0.021557100
0.633175330 -0.021283500
0.641339520 -0.021001800
0.649503450 -0.020712300
0.657667100 -0.020415200
0.665830480 -0.020110800
0.673993590 -0.019799300
0.682156450 -0.019481200
0.690319060 -0.019156800
0.698481440 -0.018826600
0.706643600 -0.018491200
0.714805580 -0.018151200
0.722967400 -0.017807300
0.731129060 -0.017460000
0.739290590 -0.017109300
0.747451960 -0.016755100
0.755613180 -0.016397300
0.763774210 -0.016035300
0.771934990 -0.015667700
0.780095460 -0.015293500
0.788255580 -0.014911500
0.796415310 -0.014521200
0.804574620 -0.014122400
0.812733480 -0.013714500
0.820891880 -0.013297300
0.829049780 -0.012870500
0.837207160 -0.012433900
0.845363990 -0.011987200
0.853520240 -0.011529900
0.861675870 -0.011061700
0.869830820 -0.010582000
0.877985020 -0.010089700
0.886138320 -0.009582500
0.894290530 -0.009058200
0.902441470 -0.008514600
0.910590850 -0.007947900
0.918738270 -0.007353900
0.926883310 -0.006727900
0.935025280 -0.006063200
0.943163280 -0.005352200
0.951295900 -0.004581000
0.959419980 -0.003726700
0.967529230 -0.002735000
0.975590040 -0.001411400
0.983668120 -0.000225900
0.991828780 0.000016378
1.000000000 0.000000000