Airfoil 21
1.000000000 0.000000000
0.992191040 0.002425440
0.984063600 0.003175150
0.975884080 0.003440370
0.967715510 0.003898370
0.959562110 0.004586440
0.951422430 0.005426780
0.943293820 0.006361870
0.935174210 0.007374540
0.927064220 0.008460680
0.918964120 0.009617960
0.910873340 0.010839640
0.902790820 0.012114400
0.894714920 0.013430430
0.886644790 0.014781620
0.878579980 0.016164000
0.870519990 0.017574270
0.862464320 0.019009140
0.854412470 0.020465140
0.846364000 0.021939780
0.838318560 0.023430890
0.830275750 0.024936060
0.822235110 0.026452800
0.814196250 0.027978980
0.806158790 0.029512480
0.798122350 0.031051320
0.790086610 0.032593820
0.782051260 0.034138380
0.774016030 0.035683510
0.765980610 0.037227700
0.757944740 0.038769500
0.749908140 0.040307560
0.741870580 0.041840540
0.733831790 0.043367050
0.725791500 0.044885650
0.717749450 0.046394920
0.709705400 0.047893500
0.701659110 0.049379940
0.693610290 0.050852650
0.685558610 0.052309700
0.677503910 0.053749900
0.669446070 0.055172400
0.661385120 0.056577250
0.653321080 0.057964210
0.645253940 0.059332980
0.637183600 0.060682860
0.629109950 0.062012730
0.621032860 0.063321460
0.612952080 0.064607410
0.604867300 0.065867880
0.596778180 0.067100000
0.588684300 0.068300680
0.580585390 0.069467000
0.572481270 0.070596200
0.564371610 0.071685130
0.556256190 0.072730510
0.548134990 0.073729240
0.540007810 0.074678730
0.531874830 0.075577210
0.523736280 0.076422980
0.515592240 0.077214930
0.507443120 0.077952840
0.499289390 0.078636800
0.491131410 0.079269350
0.482969890 0.079854380
0.474805350 0.080394420
0.466637740 0.080887260
0.458467440 0.081333560
0.450294920 0.081734700
0.442120430 0.082095110
0.433944220 0.082415920
0.425766580 0.082697260
0.417587800 0.082939240
0.409407950 0.083141900
0.401227090 0.083305390
0.393045500 0.083429960
0.384863470 0.083515810
0.376681270 0.083563180
0.368498970 0.083571610
0.360316520 0.083539590
0.352134260 0.083465700
0.343952560 0.083348490
0.335771760 0.083186560
0.327592220 0.082978560
0.319413850 0.082725080
0.311236770 0.082426580
0.303061360 0.082083080
0.294888000 0.081694590
0.286717040 0.081261130
0.278548930 0.080782550
0.270384470 0.080247740
0.262223850 0.079651100
0.254067540 0.078994190
0.245916050 0.078278590
0.237769870 0.077505890
0.229629480 0.076677660
0.221496020 0.075795550
0.213368730 0.074859080
0.205246230 0.073862570
0.197130820 0.072800000
0.189024790 0.071665340
0.180930430 0.070452560
0.172850060 0.069155620
0.164785950 0.067768510
0.156740420 0.066285180
0.148715750 0.064699620
0.140714250 0.063005780
0.132738720 0.061206990
0.124782000 0.059307670
0.116846940 0.057306280
0.108936470 0.055201290
0.101053510 0.052991170
0.093201000 0.050674380
0.085381860 0.048249390
0.077599010 0.045714680
0.069855380 0.043068710
0.062153900 0.040309950
0.054497490 0.037436870
0.046959240 0.034481070
0.039072470 0.031565300
0.030217150 0.028351460
0.021176880 0.024767660
0.012735250 0.020742010
0.005675850 0.016202600
0.000782280 0.011077540
-0.001161900 0.005294930
0.000615380 -0.001240700
0.005070090 -0.007221000
0.011000410 -0.011721200
0.018097060 -0.014998600
0.026050710 -0.017310500
0.034552060 -0.018914100
0.043291800 -0.020066700
0.051960640 -0.021025500
0.060249250 -0.022047800
0.068258970 -0.023268500
0.076370960 -0.024295100
0.084512000 -0.025101000
0.092674120 -0.025716900
0.100849320 -0.026173200
0.109029640 -0.026500300
0.117207190 -0.026728900
0.125386280 -0.026956300
0.133563840 -0.027236700
0.141740640 -0.027543800
0.149917460 -0.027851300
0.158095060 -0.028132900
0.166274080 -0.028363900
0.174454420 -0.028539700
0.182635790 -0.028668900
0.190817850 -0.028760400
0.199000250 -0.028822800
0.207182670 -0.028864900
0.215365010 -0.028894700
0.223547430 -0.028914500
0.231729880 -0.028924100
0.239912330 -0.028923000
0.248094770 -0.028911200
0.256277170 -0.028888100
0.264459540 -0.028853400
0.272641850 -0.028807600
0.280824110 -0.028752100
0.289006320 -0.028688400
0.297188460 -0.028617800
0.305370550 -0.028541700
0.313552600 -0.028461000
0.321734600 -0.028375300
0.329916540 -0.028284400
0.338098420 -0.028187900
0.346280220 -0.028085600
0.354461950 -0.027977400
0.362643610 -0.027863300
0.370825180 -0.027743500
0.379006660 -0.027618100
0.387188060 -0.027487200
0.395369370 -0.027351000
0.403550590 -0.027209300
0.411731720 -0.027062100
0.419912740 -0.026909500
0.428093660 -0.026751300
0.436274460 -0.026587500
0.444455150 -0.026418000
0.452635720 -0.026242700
0.460816160 -0.026061400
0.468996460 -0.025874000
0.477176620 -0.025680500
0.485356630 -0.025480900
0.493536490 -0.025275300
0.501716210 -0.025063800
0.509895760 -0.024846500
0.518075170 -0.024623400
0.526254410 -0.024394500
0.534433500 -0.024159900
0.542612410 -0.023919600
0.550791170 -0.023673800
0.558969750 -0.023422600
0.567148180 -0.023165900
0.575326430 -0.022904000
0.583504520 -0.022636900
0.591682440 -0.022365100
0.599860230 -0.022088800
0.608037880 -0.021808800
0.616215410 -0.021525300
0.624392830 -0.021238300
0.632570110 -0.020947600
0.640747230 -0.020652600
0.648924190 -0.020352900
0.657100970 -0.020048400
0.665277560 -0.019739000
0.673453960 -0.019424500
0.681630160 -0.019104800
0.689806150 -0.018779900
0.697981940 -0.018449700
0.706157500 -0.018114300
0.714332850 -0.017773500
0.722507980 -0.017427500
0.730682870 -0.017075900
0.738857520 -0.016718800
0.747031920 -0.016356000
0.755206050 -0.015987300
0.763379920 -0.015612700
0.771553500 -0.015231800
0.779726770 -0.014844600
0.787899740 -0.014450700
0.796072360 -0.014049900
0.804244620 -0.013641900
0.812416510 -0.013226200
0.820587980 -0.012802600
0.828759000 -0.012370400
0.836929540 -0.011929100
0.845099550 -0.011478100
0.853268960 -0.011016400
0.861437720 -0.010543300
0.869605730 -0.010057500
0.877772890 -0.009557600
0.885939070 -0.009041900
0.894104090 -0.008508100
0.902267660 -0.007952900
0.910429500 -0.007372500
0.918589160 -0.006762400
0.926745940 -0.006114800
0.934898840 -0.005420100
0.943047480 -0.004677400
0.951192240 -0.003892900
0.959334340 -0.003073600
0.967450940 -0.002045200
0.975488050 -0.000490500
0.983634270 0.000085529
0.991816360 0.000072214
1.000000000 0.000000000
