Airfoil 1
1.000000000000000000 -0.020493159800918800
0.994794493019877000 -0.020253420318558600
0.989590758246759000 -0.019977407436967700
0.984389832254555000 -0.019652889584023500
0.979192149735549000 -0.019280281389289500
0.973997811003345000 -0.018863381394573000
0.968806682306472000 -0.018408492637996300
0.963618395828380000 -0.017921857969519100
0.958432817817598000 -0.017407560152827000
0.953249747646918000 -0.016868143809676400
0.948069252192075000 -0.016304705702138600
0.942891364890939000 -0.015717937994081500
0.937715985429904000 -0.015109265138682900
0.932543247560443000 -0.014478590166125600
0.927372783466007000 -0.013829400646044400
0.922204827211673000 -0.013160629910449100
0.917039044418760000 -0.012475257273380800
0.911875334773665000 -0.011774603530626200
0.906713731714255000 -0.011058491461484900
0.901554168364795000 -0.010327683449347700
0.896396644725284000 -0.009582788063412740
0.891241127357854000 -0.008824022649822040
0.886087582824638000 -0.008052035903215280
0.880935944249899000 -0.007267389579775250
0.875786144757901000 -0.006470876156974060
0.870638017159304000 -0.005663408488608730
0.865491494578372000 -0.004845959616638720
0.860346409825766000 -0.004019395581845800
0.855202662587880000 -0.003184544640220900
0.850060152551111000 -0.002342213313140700
0.844918846277591000 -0.001492593868346330
0.839778676891583000 -0.000635963171385034
0.834639711268825000 0.000227827623068918
0.829501982847183000 0.001098837258662060
0.824365458188790000 0.001976967702252930
0.819230137293646000 0.002862232583116530
0.814096020161751000 0.003754168084585530
0.808962906165896000 0.004652104914293580
0.803830694992478000 0.005555148375206010
0.798699353203628000 0.006462987829528890
0.793568813923611000 0.007375546370165780
0.788439010276691000 0.008292101070410020
0.783309775073527000 0.009211947728761070
0.778181074876251000 0.010134598486724500
0.773052775933392000 0.011059661786865700
0.767924878244948000 0.011986745737371500
0.762797281497317000 0.012915684152037900
0.757669985690498000 0.013846238284487000
0.752542957386624000 0.014778193463606400
0.747416163147825000 0.015711472447920700
0.742289569536235000 0.016645935801520400
0.737163209989721000 0.017581517317426700
0.732037017632547000 0.018518186567179800
0.726911059340449000 0.019455898744036600
0.721785234799823000 0.020394563231374600
0.716659610886406000 0.021334171669726900
0.711534120724460000 0.022274704665130000
0.706408831189722000 0.023216088319895600
0.701283641968589000 0.024158232017401300
0.696158586498928000 0.025101026081440100
0.691033664780739000 0.026044436071007800
0.685908776500417000 0.026988190470616200
0.680783921657964000 0.027932041505663200
0.675659033377643000 0.028875707294921300
0.670534044783718000 0.029818839081427100
0.665408889000452000 0.030761184743655700
0.660283532589979000 0.031702357071095400
0.655157942114429000 0.032642200912038600
0.650032084135935000 0.033580470498155200
0.644905858340893000 0.034516991618153000
0.639779298167171000 0.035451583373165900
0.634652403614769000 0.036384245763193900
0.629525074370082000 0.037314647753343600
0.624397377308847000 0.038242856219351000
0.619269212117459000 0.039168683909155200
0.614140612233788000 0.040091916820400900
0.609011477344228000 0.041012294137717500
0.603881840886647000 0.041929842611399300
0.598751535671706000 0.042843609262207900
0.593620394510065000 0.043752560860021200
0.588488317088119000 0.044656359682372200
0.583355336843737000 0.045555042510915800
0.578221453776917000 0.046448552501276400
0.573086701325530000 0.047336859559372700
0.567951012613837000 0.048219923559763100
0.562814421079708000 0.049097741158660700
0.557676926723143000 0.049970282261984400
0.552538562982008000 0.050837520119439800
0.547399296418437000 0.051699421293158800
0.542259127032430000 0.052555949001486600
0.537118054823986000 0.053407059775194700
0.531976079793105000 0.054252686738547200
0.526833168501920000 0.055092746296874000
0.521689354388298000 0.055927121417636900
0.516544604014372000 0.056755681693150800
0.511398883942273000 0.057578276653009400
0.506252194172001000 0.058394732420299200
0.501104501265689000 0.059204885149466700
0.495955805223335000 0.060008524181943500
0.490806039169206000 0.060805395389932500
0.485655236541167000 0.061595495429647000
0.480503330463484000 0.062378443109391500
0.475350354374024000 0.063154041145744700
0.470196207959183000 0.063922122349366400
0.465040924656829000 0.064682496124409000
0.459884504466963000 0.065434925062009400
0.454726847075980000 0.066179148346797200
0.449568019359616000 0.066914941945056500
0.444407954442135000 0.067642081823071600
0.439246618885670000 0.068360263696243500
0.434084046128087000 0.069069176592399600
0.428920135855784000 0.069768502851793700
0.423754888068760000 0.070457878001664300
0.418588269329147000 0.071136910818955600
0.413420246199077000 0.071805149892449300
0.408250751802814000 0.072462143810927000
0.403079819578225000 0.073107391006368400
0.397907315773840000 0.073740115720235500
0.392733173513922000 0.074358963718873300
0.387557325922735000 0.074963814625956900
0.382379906751751000 0.075554721942075100
0.377200882563101000 0.076131719105096100
0.372020353670391000 0.076694916459984100
0.366838353511487000 0.077244126754678500
0.361654848648523000 0.077779383427047000
0.356469939395101000 0.078300572788338600
0.351283625751223000 0.078807577806015000
0.346095907716888000 0.079300244665883500
0.340906852167832000 0.079778399491030200
0.335716459104055000 0.080241834966673400
0.330524728525557000 0.080690320371523900
0.325331727308074000 0.081123588202637300
0.320137455451606000 0.081541370957069600
0.314941946394022000 0.081943347631287700
0.309745200135320000 0.082329170471464100
0.304547250113370000 0.082698451598329900
0.299348129766039000 0.083050746288240300
0.294147839093328000 0.083385696756007500
0.288946478408839000 0.083702751276809100
0.283743980836838000 0.084001368157183100
0.278540443347141000 0.084281039141535700
0.273335892690044000 0.084541092128719500
0.268130368990986000 0.084780898486815800
0.262923915719198000 0.084999669082139100
0.257716589719055000 0.085196521154973800
0.252508454522505000 0.085370612071045600
0.247299577005285000 0.085520831693136200
0.242090037418278000 0.085645999664504500
0.236879929387515000 0.085744805220723900
0.231669373289321000 0.085815787126961800
0.226458496187593000 0.085857373803421300
0.221247465271673000 0.085867856575046300
0.216036474481194000 0.085845322795786000
0.210825754537446000 0.085787699317823000
0.205615569599586000 0.085693454686801900
0.200406324265818000 0.085556981372255300
0.195198352914822000 0.085378797661137500
0.189992779058963000 0.085140609695853500
0.184790167798210000 0.084844611000545600
0.179591104295255000 0.084491731147944900
0.174396156993853000 0.084082722490081600
0.169206028089234000 0.083616508327605700
0.164021175680188000 0.083094971212486800
0.158842429025843000 0.082515870807567200
0.153670490321427000 0.081878859359019700
0.148506135325479000 0.081183037388194400
0.143350280235583000 0.080426799877426100
0.138203918156418000 0.079608484964674300
0.133068249507446000 0.078725551371969300
0.127944621834749000 0.077775250506559500
0.122834589999190000 0.076754375676901600
0.117739902801267000 0.075659526251817700
0.112662349166918000 0.074487799824363600
0.107603838398409000 0.073236437770427300
0.102566353361311000 0.071902952312628000
0.097551733138367400 0.070485915654001100
0.092562024127100400 0.068983535524820700
0.087599416507865500 0.067393929373117000
0.082666464933779700 0.065714565952280800
0.077766212250833000 0.063942084756575800
0.072902072465350500 0.062072794245372300
0.068078131684804500 0.060102106743177800
0.063298171732068400 0.058027039592164500
0.058565930960787100 0.055845355798961800
0.053885254725783100 0.053555142717518700
0.049259781067097300 0.051155410586942000
0.044695953461897500 0.048640474969667600
0.040206541831981700 0.045995104916811500
0.035811207643746800 0.043196412207712200
0.031536691160250500 0.040216656787058400
0.027403295854955900 0.037044065181519500
0.023414001041903900 0.033691952350141900
0.019553739617763500 0.030191825458448500
0.015816308858016600 0.026560919052375200
0.012264585329692500 0.022749015472968800
0.009041258447003170 0.018657144649699200
0.006222914302867140 0.014276033927385000
0.003777385668246880 0.009676039589753610
0.001727209666189460 0.004887190514182420
0.000000000000000000 -0.000012868831011365
0.002045999612341420 -0.004665505474282240
0.005509935361959520 -0.008390677911612140
0.009546384256496750 -0.011517218885310600
0.013850530034847700 -0.014264032742173100
0.018267294552698100 -0.016827864553856600
0.022763109534340300 -0.019250157213988100
0.027351433721653200 -0.021492065951286000
0.032028629074596100 -0.023542228578196200
0.036770586890324700 -0.025438306165472400
0.041550108806989700 -0.027237862002915100
0.046352070876884600 -0.028976721422323600
0.051171942268892200 -0.030665323726094400
0.056010445240961900 -0.032299719902014100
0.060869398813114200 -0.033872259365879100
0.065749123988881900 -0.035379103450440600
0.070648738008549400 -0.036819974621393800
0.075565284964583400 -0.038201995144627600
0.080496297142323900 -0.039531518215066300
0.085439818426491600 -0.040813760140121300
0.090393464697096400 -0.042056344753701700
0.095355982034087600 -0.043262983659158000
0.100326835431577000 -0.044434813744003000
0.105305623635148000 -0.045572503765597100
0.110292380082668000 -0.046674682771351500
0.115286853990129000 -0.047741384199134100
0.120288767823224000 -0.048772608048944900
0.125297773828127000 -0.049768822450936300
0.130313454031487000 -0.050730896789676800
0.135335357022086000 -0.051659934514811100
0.140363004638411000 -0.052557340016796300
0.145396059157995000 -0.053423949242332900
0.150434092576128000 -0.054261133144009700
0.155476790576850000 -0.055069727668527400
0.160524086284426000 -0.055849130934261500
0.165575491505981000 -0.056601382651161400
0.170631106555120000 -0.057324877801562100
0.175690714085701000 -0.058019850450539700
0.180754263940922000 -0.058685498089261600
0.185821695932620000 -0.059320917895291200
0.190893020092156000 -0.059924471413095600
0.195968333389347000 -0.060493483613232700
0.201046622656792000 -0.061035344264535800
0.206127249231212000 -0.061554868419999800
0.211210005797825000 -0.062053126091401600
0.216294731854865000 -0.062530852911837600
0.221381276931925000 -0.062988817952272400
0.226469544059188000 -0.063427255277782100
0.231559386110035000 -0.063846967397199300
0.236650706114648000 -0.064248389002808200
0.241743400415637000 -0.064631954786893100
0.246837358668038000 -0.064998400382550600
0.251932480558245000 -0.065348260795669000
0.257028679147803000 -0.065682104470004600
0.262125867498255000 -0.066000466411445900
0.267223975390077000 -0.066303747874409100
0.272322932603747000 -0.066592383551178400
0.277422678951102000 -0.066866741258302200
0.282523147556406000 -0.067127289125932800
0.287624278231497000 -0.067374695911430500
0.292725994069279000 -0.067609229117739600
0.297828278350817000 -0.067831457188616500
0.302931064200376000 -0.068041915129949500
0.308034318180086000 -0.068240903882550800
0.313137973414213000 -0.068428858138704700
0.318242029902756000 -0.068606145714959400
0.323346420769980000 -0.068773067552127300
0.328451146015884000 -0.068929790839548300
0.333556138764731000 -0.069076549642298600
0.338661432454391000 -0.069213377398246200
0.343766960209128000 -0.069340541610335400
0.348872755466808000 -0.069458042278566100
0.353978717913829000 -0.069566046592278500
0.359084880988057000 -0.069664587989340500
0.364191244689494000 -0.069753699907620200
0.369297742142403000 -0.069833382347117600
0.374404373346784000 -0.069903468118492500
0.379511138302637000 -0.069963856908141000
0.384618003572094000 -0.070014448402458900
0.389724969155155000 -0.070055041974238100
0.394832001613952000 -0.070085403558402400
0.399939100948486000 -0.070104964711195500
0.405046200283019000 -0.070112588545104600
0.410153333055420000 -0.070108074432921600
0.415260432389953000 -0.070091923942666800
0.420367464848750000 -0.070064538328756400
0.425474430431812000 -0.070026251969870800
0.430581329139137000 -0.069977432682558100
0.435688127532858000 -0.069918314531894500
0.440794758737239000 -0.069849198458692200
0.445901289628016000 -0.069770285090159300
0.451007619891584000 -0.069681841929240100
0.456113816403681000 -0.069584136478878600
0.461219812288570000 -0.069477235614811000
0.466325640984118000 -0.069361507153585500
0.471431235614590000 -0.069237285473882200
0.476536663055722000 -0.069104871516513600
0.481641856431778000 -0.068964566222291600
0.486746815742758000 -0.068816603656292400
0.491851574426530000 -0.068661117569988300
0.496956099045225000 -0.068498007649775000
0.502060389598845000 -0.068328310469561300
0.507164446087388000 -0.068151190082646700
0.512268268510855000 -0.067967248370655400
0.517371823431378000 -0.067776284706379500
0.522475110848957000 -0.067578733782103200
0.527578130763591000 -0.067374562159958400
0.532680916613150000 -0.067163870153549300
0.537783434959764000 -0.066946758076479800
0.542885652365566000 -0.066723259366618100
0.547987602268424000 -0.066493474337568200
0.553089284668337000 -0.066257436427198000
0.558190632689571000 -0.066015212511243800
0.563291713207860000 -0.065766769151837400
0.568392492785337000 -0.065512139786846800
0.573492937984134000 -0.065251056913327900
0.578593048804250000 -0.064983420217676600
0.583692791807819000 -0.064708995634816700
0.588792166994839000 -0.064427783164748400
0.593891107489575000 -0.064138879985034800
0.598989646729894000 -0.063842887977300500
0.604087684402193000 -0.063538436188956600
0.609185153630736000 -0.063224421170358200
0.614282020977654000 -0.062901076986581600
0.619378286442948000 -0.062568570826966900
0.624473983464486000 -0.062227103318722100
0.629569078604399000 -0.061876841651187500
0.634663571862688000 -0.061517953013703000
0.639757463239353000 -0.061150169903324700
0.644850752734392000 -0.060774595769697100
0.649943373472072000 -0.060390060287439500
0.655035358890259000 -0.059997232213912300
0.660126708988954000 -0.059596011235511500
0.665217356892420000 -0.059186397352237100
0.670307369476394000 -0.058768424001957100
0.675396646427271000 -0.058341990871067500
0.680485221182920000 -0.057907131397436200
0.685573026867605000 -0.057463578078119000
0.690660130357060000 -0.057011732167532300
0.695746498213420000 -0.056551560227808100
0.700832096998815000 -0.056083229448286300
0.705916926713245000 -0.055606806704703200
0.711001054232447000 -0.055122425748530700
0.716084379242816000 -0.054630186893372900
0.721166968620089000 -0.054130123577097900
0.726248788926397000 -0.053622302675441700
0.731329806723873000 -0.053106757626272400
0.736410055450384000 -0.052583588743193900
0.741489535105931000 -0.052052829464074300
0.746568212252645000 -0.051514546664649700
0.751646086890527000 -0.050968740344920100
0.756723159019576000 -0.050415577694225500
0.761799428639793000 -0.049855058712566000
0.766874895751177000 -0.049287250275677700
0.771949526915860000 -0.048712219259296500
0.777023355571711000 -0.048129999101290400
0.782096348280862000 -0.047540556363791600
0.787168505043312000 -0.046943957922535900
0.792239792421193000 -0.046340103463919400
0.797310243852374000 -0.045729026425810000
0.802379792461118000 -0.045110626494603700
0.807448337933821000 -0.044484168037204100
0.812515846832616000 -0.043849249799194700
0.817582352595370000 -0.043206573975804200
0.822647955535687000 -0.042556508383580700
0.827712689091436000 -0.041899888969224900
0.832776553262617000 -0.041236749170604600
0.837839681800700000 -0.040567791182948500
0.842902108143556000 -0.039893550012144800
0.847963899166919000 -0.039214594101950000
0.853025121746525000 -0.038531391582516300
0.858085842758111000 -0.037844477459732100
0.863146129077413000 -0.037154386739485800
0.868205980704431000 -0.036461286611117500
0.873265598266372000 -0.035766213648535900
0.878324948325370000 -0.035069401916817100
0.883384164632895000 -0.034371419859717500
0.888443247188948000 -0.033672769045257500
0.893502329745001000 -0.032973917603589300
0.898561479176790000 -0.032275574417515100
0.903620829235787000 -0.031578645653258200
0.908680480235597000 -0.030883960569945700
0.913740565927691000 -0.030192278207181500
0.918801186625673000 -0.029504758858986100
0.923862509518883000 -0.028822205034192100
0.928924701796663000 -0.028146302001347700
0.933988030961954000 -0.027478999188158700
0.939052697641967000 -0.026821868174422000
0.944118869026041000 -0.026176236443498300
0.949186678865648000 -0.025543789263935900
0.954256327787996000 -0.024926252029724600
0.959327882668822000 -0.024324788378671600
0.964401510697464000 -0.023740826107741600
0.969477479376869000 -0.023177495001381500
0.974556156523583000 -0.022639312515560900
0.979638110581364000 -0.022133180226239900
0.984723776242495000 -0.021665471391063400
0.989813153506976000 -0.021240569714529100
0.994906208936940000 -0.020861785545571400
1.000000000000000000 -0.020493159800918800