Airfoil 14
1.000000000000000000 -0.031983562016702000
0.995010822268486000 -0.030646823563145000
0.990020626723195000 -0.029314010962726800
0.985042354139289000 -0.027937316048335100
0.980075568310863000 -0.026520243007401300
0.975113435345416000 -0.025086492360726000
0.970148830546511000 -0.023661276809578400
0.965176810247233000 -0.022261928268556300
0.960195484221996000 -0.020896676489054300
0.955204561666865000 -0.019566335722093800
0.950205351199552000 -0.018267808905754200
0.945199016035801000 -0.016997112026109500
0.940186719391359000 -0.015750101127068800
0.935169624481969000 -0.014522606080186900
0.930148603719441000 -0.013310920589296700
0.925124529515582000 -0.012111963586694300
0.920097983478265000 -0.010923519146385800
0.915069547215363000 -0.009743417871006940
0.910039366128844000 -0.008570458740301330
0.905007731022644000 -0.007403872577857670
0.899974787298731000 -0.006242987626583320
0.894940534957105000 -0.005087600323722940
0.889905119399734000 -0.003936947308944000
0.884868686028587000 -0.002791357190694390
0.879831089441694000 -0.001650598779844840
0.874792329639057000 -0.000515146813821213
0.869752406620675000 0.000615116701073619
0.864711320386548000 0.001740114338291640
0.859668925534709000 0.002859470888054150
0.854625367467124000 0.003973183078816880
0.849580500781826000 0.005081062033423260
0.844534325478816000 0.006183037813526630
0.839486841558093000 0.007279113908774220
0.834438049019657000 0.008369090246057940
0.829387802461539000 0.009452653338734530
0.824336247285709000 0.010529512092063900
0.819283238090198000 0.011600241134623900
0.814229065678941000 0.012664987758608300
0.809173148444068000 0.013721258611068100
0.804115486385578000 0.014769229628384600
0.799056951915278000 0.015813036914942500
0.793997254229234000 0.016851535575644900
0.788937120337286000 0.017887201806008800
0.783876259435497000 0.018919691003369500
0.778814526121900000 0.019948453548287900
0.773752211200430000 0.020973733716070100
0.768689023867152000 0.021994736157950700
0.763624964122064000 0.023011396897063800
0.758559886563201000 0.024023364060646600
0.753493936592528000 0.025030397735451600
0.748426968808079000 0.026032304536861300
0.743358837807885000 0.027028821287313400
0.738289688993915000 0.028019694987383500
0.733219376964199000 0.029004803499418200
0.728147901718738000 0.029983818214969800
0.723075263257533000 0.030956496312751500
0.718001316178615000 0.031922682212657400
0.712926060481984000 0.032882051668298600
0.707849496167640000 0.033834324053876700
0.702771477833616000 0.034779237645849100
0.697692150881878000 0.035716532174692900
0.692611369910458000 0.036645922652550700
0.687528989517390000 0.037567077562935100
0.682445155104641000 0.038479597050433800
0.677359575868275000 0.039383004196591600
0.672272542612228000 0.040277153599440300
0.667183619130595000 0.041161201927564800
0.662092950825345000 0.042035264048520100
0.657000537696478000 0.042898557699717600
0.651906088940057000 0.043749845510408900
0.646809749958051000 0.044589837042198300
0.641711229946524000 0.045417276022081300
0.636610819709411000 0.046231733514252200
0.631508228442777000 0.047032907082617100
0.626403456146621000 0.047820247107736800
0.621296502820944000 0.048593361004297200
0.616187368465745000 0.049351802388256400
0.611076053081024000 0.050095124875572300
0.605962411264814000 0.050822716323959100
0.600846588419082000 0.051534299015657800
0.595728729945797000 0.052232045256071800
0.590608835844958000 0.052914025561084400
0.585486906116566000 0.053580510378356300
0.580363231564557000 0.054232373573715800
0.575237666786963000 0.054870397409751200
0.570109630175910000 0.055488459009585800
0.564979703339272000 0.056090495858515800
0.559848322482954000 0.056679985971618100
0.554715196803018000 0.057253410621264800
0.549580035495528000 0.057809637126124300
0.544443129364422000 0.058348909761503000
0.539304623811666000 0.058871847939785000
0.534164373435293000 0.059378377505966600
0.529022523637271000 0.059867512634704000
0.523879219819568000 0.060342193353792400
0.518734316580216000 0.060798490902053500
0.513587959321182000 0.061238645923815800
0.508440293444436000 0.061662014288360600
0.503291173548009000 0.062068585817550200
0.498140745033869000 0.062458609148750000
0.492989153303984000 0.062831400892709900
0.487836398358354000 0.063187821829081200
0.482682334795011000 0.063526260904057100
0.477527398819859000 0.063849569450232300
0.472371008825027000 0.064149128038937500
0.467213746418386000 0.064436062828772000
0.462055902403873000 0.064707712963719600
0.456896895173614000 0.064961190760693700
0.451737160933515000 0.065194870625690900
0.446576408879640000 0.065408991017938800
0.441415075217892000 0.065606225879631000
0.436253159948272000 0.065785265139034800
0.431090517668811000 0.065944995017074600
0.425927293781478000 0.066085735398080100
0.420763633688240000 0.066207560437055100
0.415599537389098000 0.066309780928670800
0.410435004884052000 0.066392638240194200
0.405270326977038000 0.066455800855138100
0.400105358266087000 0.066499540675182800
0.394940389555137000 0.066527486933452100
0.389775275442218000 0.066546323758419900
0.384610161329300000 0.066554131844107000
0.379445047216381000 0.066549401918084600
0.374279933103463000 0.066531247028347300
0.369114964392512000 0.066499127733593400
0.363949995681561000 0.066452562753308400
0.358785317774547000 0.066390858520104600
0.353620785269501000 0.066312899800886500
0.348456543568391000 0.066218596446434100
0.343292592671218000 0.066107347946618900
0.338129077979948000 0.065977905298535000
0.332966144896551000 0.065829636003621100
0.327803793421026000 0.065662230355685200
0.322641878151406000 0.065477295046474800
0.317481126097531000 0.065267357868849200
0.312321101053496000 0.065037840862198800
0.307161803019301000 0.064790727309368600
0.302003813602819000 0.064521439956402700
0.296846987402083000 0.064228665823529100
0.291691469819059000 0.063913701896303400
0.286537406255716000 0.063576226836376000
0.281384942114023000 0.063215067249864300
0.276234222795946000 0.062829141346125600
0.271085393703455000 0.062419016192835600
0.265938891042454000 0.061981872445832700
0.260794714812942000 0.061517494910204100
0.255652719612951000 0.061029729468006200
0.250514068658228000 0.060506523750102900
0.245379052752706000 0.059950759623502000
0.240246363278675000 0.059372225548696100
0.235116872647941000 0.058767551108064800
0.229992034880187000 0.058123529440845100
0.224871559171476000 0.057445498253286200
0.219755445521809000 0.056736335050336700
0.214644566342992000 0.055989236473909200
0.209540230252740000 0.055199610729851000
0.204441128633341000 0.054376904584029700
0.199343917239526000 0.053541753483758500
0.194252958130340000 0.052669497255247100
0.189165197864452000 0.051779209728671200
0.184080781843830000 0.050869451424546700
0.179000146274380000 0.049939784682949600
0.173924454371845000 0.048982817267821400
0.168853706136225000 0.047999776371773100
0.163788628577361000 0.046988174167130300
0.158730239509030000 0.045943399957484500
0.153678393529263000 0.044867993915218400
0.148632945236093000 0.043762504205751900
0.143594040031489000 0.042627551695488700
0.138560805503639000 0.041468301062335900
0.133532223838769000 0.040288535665503400
0.128507422625070000 0.039092437265593900
0.123486983470413000 0.037878783032055600
0.118471342580704000 0.036644967361620200
0.113463989603178000 0.035378476960912800
0.108467396371290000 0.034069865064065600
0.103487669767703000 0.032698394442387800
0.098529898861298600 0.031250160305669800
0.093596991691440800 0.029719015058700200
0.088689675267968600 0.028107831844368700
0.083805623159393000 0.026427065064181900
0.078943381346032700 0.024684327965189600
0.074099605582621000 0.022891116026990100
0.069269206800275500 0.021062167193070300
0.064451894195059200 0.019198835155753100
0.059647231561067700 0.017303231151615600
0.054852892466811200 0.015381531856262600
0.050075710804791100 0.013417715281427000
0.045325283104901900 0.011389937544038600
0.040618330593475400 0.009263652881299940
0.035974046330301100 0.007003745409296360
0.031408569933839300 0.004588604178910720
0.026903580756107600 0.002062161086187600
0.022454571336095700 -0.000561427533258519
0.018050636526195600 -0.003260239279294790
0.013726672798752600 -0.006084495119292140
0.009619794209686480 -0.009213478587960780
0.005878601570399590 -0.012770582157491900
0.002567362550792430 -0.016731011884284500
0.000000000000000000 -0.021194532420713000
0.002831121720930970 -0.025258750072337500
0.007074241954109300 -0.028002717853587800
0.011575014474766100 -0.030310465190332600
0.016202577511607800 -0.032353173819619600
0.020942100063889700 -0.034119880433053600
0.025764792541926100 -0.035645975869671000
0.030642301561937100 -0.036987745231324400
0.035552962230675800 -0.038202665916004800
0.040485433194629700 -0.039325692556844200
0.045434625384915600 -0.040373328277222200
0.050397921566106900 -0.041351592718618400
0.055375176336236500 -0.042255963879824700
0.060363772459878600 -0.043095573004438000
0.065362110515382800 -0.043875974447639700
0.070369027287005900 -0.044598418666355700
0.075382196343256900 -0.045276239021060900
0.080401036076264100 -0.045911151254978900
0.085424092466346200 -0.046511385119504400
0.090450929307598700 -0.047080095837345200
0.095480819590181600 -0.047619566219400500
0.100513617912126000 -0.048132471661883400
0.105548888067529000 -0.048619466473650400
0.110586484654422000 -0.049082150076350600
0.115626262270836000 -0.049521860168090500
0.120667784710866000 -0.049939701803827700
0.125710906572547000 -0.050338103196429600
0.130755482453908000 -0.050716846242944000
0.135801366952982000 -0.051078998924897900
0.140848269265833000 -0.051425462734493400
0.145896189392461000 -0.051757328186491400
0.150944981930897000 -0.052076776310413400
0.155994501479174000 -0.052383123717009400
0.161044602635323000 -0.052679772812332900
0.166095285399345000 -0.052966374631660500
0.171146549771239000 -0.053244470435854000
0.176198104947069000 -0.053514961717115800
0.181249950926836000 -0.053779026231387500
0.186302233112507000 -0.054037681792445700
0.191354660700146000 -0.054291975294460800
0.196407233689752000 -0.054543288056129800
0.201459952081328000 -0.054791998122569800
0.206513252080775000 -0.055028421722705100
0.211567279090063000 -0.055249141910285300
0.216621887707223000 -0.055455045637315700
0.221677077932256000 -0.055646641810684900
0.226732849765161000 -0.055824555658855600
0.231788912402003000 -0.055989354249503400
0.236845411244749000 -0.056141561029713500
0.241902346293398000 -0.056281772147555100
0.246959572145984000 -0.056410409268735700
0.252017088802507000 -0.056528228483489500
0.257074750860998000 -0.056634560942763100
0.262132703723424000 -0.056731195090764300
0.267190656585851000 -0.056818988799104800
0.272248900252214000 -0.056896691610859000
0.277307289320546000 -0.056965597603542900
0.282365823790845000 -0.057026433786997200
0.287424358261143000 -0.057078167807248200
0.292483038133411000 -0.057123024314407900
0.297541718005678000 -0.057161003308476400
0.302600397877945000 -0.057191523181581200
0.307659223152181000 -0.057214496692541400
0.312718048426416000 -0.057230258265883800
0.317776873700652000 -0.057239520371251900
0.322835698974887000 -0.057243213581241800
0.327894524249123000 -0.057242457491007600
0.332953349523358000 -0.057237688306453800
0.338012174797593000 -0.057225474541133200
0.343071000071828000 -0.057209523945232300
0.348129679944096000 -0.057189109508910700
0.353188505218331000 -0.057164798299843900
0.358247330492566000 -0.057137041064133000
0.363306010364834000 -0.057105910502762200
0.368364690237101000 -0.057072090004981500
0.373423370109368000 -0.057035550490397200
0.378482049981636000 -0.056997135290424400
0.383540729853903000 -0.056956742623685500
0.388599409726170000 -0.056914997718643100
0.393658089598437000 -0.056872540343957100
0.398716769470705000 -0.056829399580021000
0.403775303941004000 -0.056784208648334600
0.408833983813271000 -0.056733957728158200
0.413892518283571000 -0.056679708253859000
0.418951052753869000 -0.056621329363665700
0.424009441822201000 -0.056557963185966500
0.429067830890532000 -0.056489260756037900
0.434126074556895000 -0.056415280234667200
0.439184318223258000 -0.056336588689529900
0.444242416487652000 -0.056254203934402800
0.449300514752047000 -0.056166090341732400
0.454358467614474000 -0.056071753544827300
0.459416275074933000 -0.055972662103565200
0.464474082535392000 -0.055868118088499200
0.469531744593882000 -0.055757743454512300
0.474589261250404000 -0.055641029294716100
0.479646487102991000 -0.055517510322812700
0.484703712955577000 -0.055386750332897800
0.489760648004227000 -0.055248516681822400
0.494817292248941000 -0.055102838449980100
0.499873936493655000 -0.054949890119732700
0.504930144532464000 -0.054789526289112100
0.509986207169306000 -0.054621746958118100
0.515041979002211000 -0.054446668448325500
0.520097605433148000 -0.054264741505835100
0.525152795658181000 -0.054074206766833100
0.530207695079277000 -0.053875602218601400
0.535262449098406000 -0.053671501475975400
0.540316912313598000 -0.053460872184981600
0.545371084724854000 -0.053243001875976200
0.550424820930206000 -0.053017497963645400
0.555478266331622000 -0.052784229586218000
0.560531420929101000 -0.052543313065268300
0.565584139320676000 -0.052295010124339000
0.570636566908315000 -0.052039742429137600
0.575688558290050000 -0.051778018886552400
0.580740258867848000 -0.051510377483865500
0.585791814043678000 -0.051237414369145900
0.590842933013604000 -0.050959638449282200
0.595893906581562000 -0.050677485930178600
0.600944589345584000 -0.050390825950063700
0.605995126707637000 -0.050099353164804700
0.611045227863786000 -0.049804187169555900
0.616095329019935000 -0.049506331237897100
0.621145139372148000 -0.049203342616764300
0.626194658920425000 -0.048896195499343800
0.631243887664766000 -0.048585776837641000
0.636292971007138000 -0.048271883068900500
0.641341908947543000 -0.047954514193122300
0.646390556084011000 -0.047633815612274600
0.651438912416543000 -0.047309976348915900
0.656487268749075000 -0.046983069104030200
0.661535334277670000 -0.046653224739388800
0.666583109002330000 -0.046320574116763000
0.671630883726990000 -0.045985248097924200
0.676678367647713000 -0.045647363004446700
0.681725706166469000 -0.045306962456921000
0.686773044685223000 -0.044964511741645100
0.691820092400043000 -0.044619865456650900
0.696866994712894000 -0.044273256245087200
0.701913897025745000 -0.043925134853055300
0.706960653936627000 -0.043576082888427500
0.712007410847510000 -0.043226507476714600
0.717054022356425000 -0.042875797929650500
0.722100633865340000 -0.042524724877666100
0.727147245374255000 -0.042173651825681700
0.732194002285137000 -0.041822578773697300
0.737240613794052000 -0.041471680204074600
0.742287225302967000 -0.041121057898191300
0.747333982213850000 -0.040770929958999600
0.752380739124733000 -0.040421587190435600
0.757427496035615000 -0.040073364017026000
0.762474543750435000 -0.039726653024084700
0.767521591465253000 -0.039381904957712800
0.772568784582040000 -0.039039381541452800
0.777616123100796000 -0.038699373579241000
0.782663752423488000 -0.038362404518162600
0.787711672550115000 -0.038029114126877200
0.792759738078711000 -0.037700956425065800
0.797808239813211000 -0.037376331991079300
0.802856886949679000 -0.037054935480784700
0.807905679488115000 -0.036737610225597000
0.812954762830488000 -0.036424181743154400
0.818004282378764000 -0.036115944110973100
0.823053947329010000 -0.035812359341771100
0.828103903083190000 -0.035513805480665500
0.833154440445244000 -0.035223815795481100
0.838205414013202000 -0.034940223796893200
0.843256532983128000 -0.034661095638726100
0.848307942756990000 -0.034387129250426700
0.853359643334788000 -0.034119865892856800
0.858411925520459000 -0.033861704698490100
0.863464789314003000 -0.033615655488066400
0.868517943911482000 -0.033377167179984100
0.873571534714865000 -0.033146283394833500
0.878625561724153000 -0.032926290217093900
0.883680170341314000 -0.032719237814515400
0.888735215164378000 -0.032525824116544900
0.893790841595315000 -0.032345482055506900
0.898846904232157000 -0.032176321405816000
0.903903257672934000 -0.032017920501764700
0.908960047319617000 -0.031875339331843100
0.914017273172203000 -0.031745568075311200
0.919074644426757000 -0.031625945876153000
0.924132306485247000 -0.031515251357836300
0.929190113945706000 -0.031413906186068600
0.934248066808133000 -0.031324236792339500
0.939306455876464000 -0.031249863685654900
0.944364844944795000 -0.031189987155190100
0.949423524817063000 -0.031151484714036500
0.954482350091298000 -0.031138354916316800
0.959541175365533000 -0.031149071041366000
0.964599855237801000 -0.031183444066625500
0.969658535110068000 -0.031234756421169000
0.974716924178399000 -0.031293469735889000
0.979775458648698000 -0.031357635624412800
0.984833556913093000 -0.031440325723672900
0.989890346559775000 -0.031581394713126300
0.994944955176935000 -0.031786062523427900
1.000000000000000000 -0.031983562016702000