Airfoil 10
1.000000000000000000 -0.040170391405737100
0.994961642625167000 -0.039156020545275700
0.989923285250334000 -0.038141563320728700
0.984892453888673000 -0.037090746816157100
0.979870752444628000 -0.035996748268801100
0.974855219863838000 -0.034875495683584700
0.969841908073821000 -0.033743904083553100
0.964826992379357000 -0.032619159921734400
0.959808992253265000 -0.031508604145402100
0.954787167431955000 -0.030415148458012400
0.949761888047223000 -0.029337867530077200
0.944733647608128000 -0.028274750312175300
0.939702816246466000 -0.027223440298543400
0.934670010848563000 -0.026182136181110900
0.929635478168948000 -0.025148802235003800
0.924599835093948000 -0.024121365722168500
0.919563205000826000 -0.023098679234039400
0.914525834644114000 -0.022079274581161900
0.909487970778341000 -0.021062226434047900
0.904449860158039000 -0.020047053621363300
0.899411379405941000 -0.019033299647227400
0.894372651899313000 -0.018020754770289400
0.889333801015420000 -0.017009011845574600
0.884294703376996000 -0.015998157237168500
0.879255482361307000 -0.014988363673242200
0.874215891213824000 -0.013979840895146500
0.869176053311810000 -0.012972823319684900
0.864135968655265000 -0.011967461467121000
0.859095390489661000 -0.010964308067602300
0.854054318814996000 -0.009963402601853790
0.849012753631270000 -0.008965259553070790
0.843970571561219000 -0.007969988727019290
0.838927772604843000 -0.006978084866532320
0.833884233384876000 -0.005989517127293630
0.828840077278584000 -0.005004786420999500
0.823795057531435000 -0.004023912488012360
0.818749297520697000 -0.003047027342005850
0.813702303737307000 -0.002076561515102430
0.808654076181267000 -0.001112667995110810
0.803605478493430000 -0.000150864609367221
0.798556017164738000 0.000807199162120317
0.793506309081516000 0.001762846565195450
0.788456477621030000 0.002718516126827390
0.783406646160543000 0.003673952875560090
0.778356691322791000 0.004628955336319640
0.773306613107773000 0.005583265773999250
0.768256288138226000 0.006536626206737610
0.763205839791414000 0.007488813445062140
0.758155144690070000 0.008439714598775280
0.753104079456933000 0.009388935477515050
0.748052767469265000 0.010336565283044100
0.743001085349801000 0.011282079168476700
0.737949033098542000 0.012225823083664200
0.732896487338223000 0.013167205434620500
0.727843571446109000 0.014106187851016000
0.722790162044934000 0.015042636098386500
0.717736135757433000 0.015975891342136100
0.712681615960873000 0.016906294103516700
0.707626602655251000 0.017833697563582800
0.702570849086040000 0.018757309640292300
0.697514231875972000 0.019676456693778000
0.692456997779580000 0.020592279963741900
0.687399023419596000 0.021503714704386200
0.682340185418757000 0.022410173639929100
0.677280483777062000 0.023311973849941900
0.672219795117246000 0.024208710656995000
0.667158242816575000 0.025099974448568400
0.662095703497782000 0.025985356845914500
0.657031930406339000 0.026864554340961200
0.651967293674040000 0.027737740895652300
0.646901423169091000 0.028604423000927400
0.641834318891490000 0.029464120719225300
0.636766104218503000 0.030316491061749000
0.631696532395600000 0.031161342793737500
0.626625726800047000 0.031998608057695200
0.621553687431842000 0.032827549057576600
0.616479920781925000 0.033647202216941400
0.611404796982093000 0.034457175196086600
0.606327945900550000 0.035257386566017100
0.601249737669090000 0.036047953535134900
0.596169925533184000 0.036829066104428200
0.591088756247362000 0.037600871092842500
0.586006229811624000 0.038363346292470000
0.580922222848705000 0.039116188195238600
0.575836735358604000 0.039858681213010700
0.570749520586792000 0.040589660664403800
0.565660701910534000 0.041309579343980900
0.560570402707094000 0.042018411342516100
0.555478499599209000 0.042715515098231100
0.550384869209612000 0.043400381063021000
0.545289511538303000 0.044072607027001500
0.540192549962549000 0.044731880845691900
0.535093861105083000 0.045377948361926200
0.529993568343170000 0.046010597366808400
0.524891548299547000 0.046629625521623600
0.519787800974212000 0.047234826786339300
0.514682449744430000 0.047825955640197800
0.509575494610202000 0.048402714743990300
0.504466935571529000 0.048964720394422300
0.499356649251143000 0.049511485251296700
0.494244759026312000 0.050042941457117600
0.489131264897034000 0.050559735508754200
0.484016413617840000 0.051061470131412800
0.478900081811464000 0.051547740647664000
0.473782146100643000 0.052018179393257700
0.468662853239906000 0.052472454483350900
0.463542079851987000 0.052910269812507300
0.458419949314152000 0.053331366288470100
0.453296338249136000 0.053735518130844300
0.448171493411469000 0.054122540273732200
0.443045414801151000 0.054492380898682500
0.437918102418182000 0.054844745134031500
0.432789556262562000 0.055179201159351500
0.427659776334291000 0.055495431895071100
0.422529009387900000 0.055793230067385000
0.417397132046122000 0.056072506844662200
0.412264267686223000 0.056333281967265300
0.407130539685469000 0.056574426533218500
0.401995948043859000 0.056796472298534500
0.396860739515924000 0.057006354299284400
0.391725160856194000 0.057205342087526000
0.386589088687403000 0.057392343774463400
0.381452646386817000 0.057567476568498200
0.376315833954435000 0.057730332090883100
0.371178528012993000 0.057880117025803500
0.366040851939756000 0.058015790069141800
0.360902805734724000 0.058136193942151600
0.355764389397896000 0.058240198509084400
0.350625726306537000 0.058326835258409300
0.345486816460649000 0.058396051137902300
0.340347536482966000 0.058448599982653200
0.335208256505282000 0.058483182630060300
0.330068853150334000 0.058498391345529000
0.324929449795385000 0.058492978784909100
0.319790046440436000 0.058467195404048800
0.314650766462753000 0.058421775297675400
0.309511733239600000 0.058357410612246100
0.304372946770976000 0.058274082841171100
0.299234653811414000 0.058166722412627600
0.294096854360911000 0.058035849978674200
0.288959671796734000 0.057882513012291700
0.283823229496148000 0.057706811449064700
0.278687650836418000 0.057508166649620000
0.273553059194808000 0.057285590362064100
0.268419577948584000 0.057037946281785500
0.263287453852276000 0.056764223948983000
0.258156810283150000 0.056463504203031600
0.253027770618469000 0.056137352701425400
0.247900458235500000 0.055783496834941300
0.242775490020568000 0.055399267953335300
0.237652619219143000 0.054986430351498100
0.232532339340285000 0.054543361618393900
0.227414897138523000 0.054067885379066200
0.222300909500185000 0.053557413178493200
0.217189882916209000 0.053017932515350300
0.212082434272921000 0.052445449667566100
0.206980044097502000 0.051829098799403500
0.201881231862771000 0.051184187328143200
0.196786861209584000 0.050504775872243300
0.191695821742553000 0.049801678448989800
0.186608360216211000 0.049072544721482600
0.181524600007822000 0.048317653522340700
0.176444911249182000 0.047536480498187500
0.171369417317554000 0.046727823954460900
0.166298364967470000 0.045892515453927800
0.161232124330725000 0.045028045503015900
0.156170942161848000 0.044134745986568400
0.151114941838107000 0.043212409630780000
0.146064493491294000 0.042260323315058300
0.141019473744146000 0.041279914514360600
0.135980376105722000 0.040269221530171700
0.130946707066964000 0.039231921004991700
0.125918960136929000 0.038165818057274400
0.120897998956475000 0.037068833780103000
0.115883700148337000 0.035941860191104000
0.110876927353369000 0.034781364999177700
0.105881135134995000 0.033575170868258900
0.100894226079708000 0.032332188104432900
0.095919654750931400 0.031040777296510500
0.090959395184906100 0.029695940431482400
0.086013570758897400 0.028298642319561700
0.081082058095640000 0.026851486221042000
0.076165474081459300 0.025354467200832600
0.071266039507127800 0.023802463868659500
0.066381040072812400 0.022205382185137200
0.061508871874067300 0.020569625430324500
0.056652495965254800 0.018887510901923600
0.051819314982281200 0.017140097722196600
0.047009205547880600 0.015329987917664400
0.042230063807020100 0.013439717436452400
0.037485961209447800 0.011463241286079700
0.032785534163720200 0.009385029846811080
0.028136061928478100 0.007195432795725120
0.023540505558084300 0.004894668387203750
0.019013670324350300 0.002461821213758390
0.014572335535329800 -0.000123942086218254
0.010253144238756500 -0.002908037917781640
0.006148506006190670 -0.005997799443099700
0.002505792254153150 -0.009612351100605400
0.000000000000000000 -0.014069844610035900
0.003245932467480050 -0.017768287872718100
0.007731559694670790 -0.020093640876664600
0.012304908157346800 -0.022247487144397400
0.016916380194938500 -0.024317350507777600
0.021635683962226300 -0.026126567060910500
0.026455170068774300 -0.027649844464450800
0.031334864280690500 -0.028969623406937300
0.036242071622723200 -0.030183174524174000
0.041162973841182000 -0.031340440933072600
0.046093376109053600 -0.032456264918624700
0.051035499217109700 -0.033519036680184300
0.055990823692531200 -0.034518392527483200
0.060959596289848000 -0.035448398014070200
0.065940336481880100 -0.036312816146530700
0.070930206591528900 -0.037121751522876400
0.075927726091614200 -0.037882656129919200
0.080930057305038400 -0.038612025508002800
0.085936706722740900 -0.039310439530273100
0.090947180835661300 -0.039980390417485200
0.095960862757474600 -0.040626393777541700
0.100977629110915000 -0.041248634676340100
0.105997233141453000 -0.041846508565281600
0.111019674849088000 -0.042420718694777100
0.116044584102025000 -0.042971955977511300
0.121071960900264000 -0.043501145742972300
0.126101435112010000 -0.044009756180614900
0.131132759982732000 -0.044500008081210900
0.136165565380636000 -0.044974109897805400
0.141200098060250000 -0.045431000585918600
0.146235741135251000 -0.045873961980802200
0.151272617982903000 -0.046303684995140800
0.156310481848675000 -0.046720342357105400
0.161349332732568000 -0.047125846414305000
0.166389047257317000 -0.047519987425389100
0.171429625422922000 -0.047903690719845900
0.176470943852117000 -0.048277918640343000
0.181512879167638000 -0.048642819239598800
0.186555431369484000 -0.048999046417118000
0.191598600457655000 -0.049347315761038500
0.196642139677622000 -0.049687972727702300
0.201686542538445000 -0.050017932885482100
0.206731438908328000 -0.050338787801097600
0.211777445673598000 -0.050644084843584100
0.216824316079722000 -0.050931492182631400
0.221872050126703000 -0.051205661141133600
0.226920401060008000 -0.051467985882186300
0.231969368879640000 -0.051716800812710700
0.237018953585596000 -0.051953635810794000
0.242069155177879000 -0.052178873345958100
0.247119726901956000 -0.052393389396785100
0.252170792135094000 -0.052597220976454600
0.257222104122762000 -0.052790960295838900
0.262273909619491000 -0.052975322943075800
0.267326085248015000 -0.053150728400866500
0.272378384253804000 -0.053317300046476200
0.277431053391388000 -0.053475642428503800
0.282483969283502000 -0.053626347757821800
0.287537131930148000 -0.053770267337559300
0.292590417954057000 -0.053904945960141000
0.297643950732497000 -0.054032937534954300
0.302697606888202000 -0.054155845966445600
0.307751386421172000 -0.054272856964665100
0.312805289331408000 -0.054383600397817600
0.317859315618908000 -0.054488113279082700
0.322913588660938000 -0.054586852104341100
0.327967861702969000 -0.054680705189901700
0.333022134745000000 -0.054770474487987400
0.338076531164295000 -0.054855432072734300
0.343131050960856000 -0.054936194830467900
0.348185570757417000 -0.055013391985240100
0.353240213931243000 -0.055087541721564400
0.358294857105069000 -0.055159001833509500
0.363349500278895000 -0.055228117777417800
0.368404266829985000 -0.055295173320998900
0.373458910003811000 -0.055360489245142100
0.378513676554902000 -0.055424386330736700
0.383568443105993000 -0.055487296398210500
0.388623209657084000 -0.055549762307529900
0.393677976208175000 -0.055613128870884600
0.398732619382001000 -0.055675915561093300
0.403787509310357000 -0.055734310020664500
0.408842275861448000 -0.055790113557668600
0.413897165789804000 -0.055843893707525100
0.418952055718160000 -0.055894848518010800
0.424006945646516000 -0.055942348765073800
0.429061958952137000 -0.055985888601927100
0.434116972257759000 -0.056025134909954900
0.439171985563379000 -0.056059890285533200
0.444226998869001000 -0.056090043689123300
0.449282012174622000 -0.056115570445272200
0.454337148857508000 -0.056136569255792000
0.459392285540394000 -0.056153151160221300
0.464447422223280000 -0.056165513562184200
0.469502558906167000 -0.056173878540757900
0.474557695589053000 -0.056178468175019500
0.479612832271939000 -0.056179529219499400
0.484667968954826000 -0.056177283753274600
0.489723105637712000 -0.056171929179969300
0.494778242320598000 -0.056163613552301600
0.499833379003484000 -0.056152435572083700
0.504888515686371000 -0.056136199123996700
0.509943528991992000 -0.056113547058124600
0.514998665674878000 -0.056085577432126800
0.520053678980499000 -0.056053042847320300
0.525108692286120000 -0.056016449150492000
0.530163705591742000 -0.055976030758445700
0.535218595520098000 -0.055931861697540400
0.540273485448454000 -0.055883892616870000
0.545328375376810000 -0.055831938450537000
0.550383265305166000 -0.055775814132643600
0.555438031856257000 -0.055715309921839300
0.560492675030083000 -0.055650314778585300
0.565547318203908000 -0.055580754676522700
0.570601961377734000 -0.055506777668369500
0.575656481174295000 -0.055428667521835600
0.580711000970856000 -0.055346979434613800
0.585765397390151000 -0.055262589385286300
0.590819793809447000 -0.055174078535304600
0.595874066851478000 -0.055078757260289400
0.600928216516243000 -0.054978698298294400
0.605982242803744000 -0.054875493216039400
0.611036269091244000 -0.054768229021762600
0.616090172001479000 -0.054656597272301400
0.621143951534449000 -0.054540659656288200
0.626197731067420000 -0.054420699941432800
0.631251387223124000 -0.054296977219991900
0.636304920001564000 -0.054169553180598000
0.641358329402740000 -0.054038168730994500
0.646411615426649000 -0.053902021918958200
0.651464778073294000 -0.053759656892760800
0.656517693965408000 -0.053612208723241500
0.661570609857522000 -0.053461355341205400
0.666623402372372000 -0.053307133759832100
0.671676071509956000 -0.053149580992301100
0.676728740647541000 -0.052988721714065500
0.681781163030595000 -0.052824420210133700
0.686833462036384000 -0.052653493347066000
0.691885514287643000 -0.052476829441171300
0.696937319784371000 -0.052296143436434400
0.701989125281099000 -0.052112200271898800
0.707040807400563000 -0.051925172675735800
0.712092366142762000 -0.051734912595227200
0.717143801507695000 -0.051541296653107900
0.722195113495363000 -0.051344546928455100
0.727246425483031000 -0.051145564075304000
0.732297490716169000 -0.050944187703210100
0.737348432572042000 -0.050739430794052400
0.742399374427915000 -0.050532058286874600
0.747450192906523000 -0.050322464988925000
0.752500888007865000 -0.050110330119314400
0.757551459731943000 -0.049895863419393500
0.762601908078756000 -0.049679607749128600
0.767652356425568000 -0.049461686485784900
0.772702804772381000 -0.049242334046166000
0.777753129741928000 -0.049022043939332400
0.782803454711475000 -0.048800976555728700
0.787853656303758000 -0.048579415663064600
0.792903981273305000 -0.048357719055408800
0.797954306242852000 -0.048136182838197700
0.803004631212400000 -0.047915905069090600
0.808055079559212000 -0.047698970823867700
0.813105774660555000 -0.047486293094290700
0.818156593139163000 -0.047277773178547500
0.823207534995036000 -0.047072350032158300
0.828258723605439000 -0.046870763918713600
0.833309912215842000 -0.046672052495545800
0.838361347580775000 -0.046476783298074200
0.843412782945708000 -0.046284166711802200
0.848464341687907000 -0.046094190399003300
0.853516023807370000 -0.045906570591967800
0.858567705926834000 -0.045721233264336600
0.863619511423563000 -0.045538536210178600
0.868671440297556000 -0.045357689814997000
0.873723492548815000 -0.045178940833322100
0.878775544800074000 -0.045002461993325000
0.883827597051333000 -0.044828154593193700
0.888879896057121000 -0.044656006295201600
0.893932195062911000 -0.044486091125707700
0.898984494068700000 -0.044317545443856500
0.904036793074489000 -0.044149875740587500
0.909089215457543000 -0.043982699546378800
0.914141637840597000 -0.043815535689896700
0.919193936846386000 -0.043647421828473300
0.924246235852174000 -0.043476692369029800
0.929298288103434000 -0.043300657687187000
0.934350093600162000 -0.043117701540772300
0.939401775719626000 -0.042930291475087500
0.944453211084559000 -0.042737563849276900
0.949504399694962000 -0.042536643973063800
0.954555094796305000 -0.042324163647110900
0.959605049634057000 -0.042097655326116300
0.964654510962748000 -0.041856995632814900
0.969703355405115000 -0.041605404713825800
0.974751459583890000 -0.041339242939828500
0.979799687139931000 -0.041072908437660100
0.984848901714093000 -0.040829670159518200
0.989899350060905000 -0.040611884611166000
0.994949675030452000 -0.040391754894777100
1.000000000000000000 -0.040170391405737100