Airfoil 5
1.000000000000000000 -0.035103443112255100
0.994828122297527000 -0.034610724525190300
0.989659317955849000 -0.034087063080076400
0.984495352522657000 -0.033517700106030900
0.979335375919433000 -0.032913379287706100
0.974178014942419000 -0.032286524849593300
0.969022419513095000 -0.031645689889395000
0.963868131896875000 -0.030994418580623900
0.958715086703105000 -0.030333384447028800
0.953563349322438000 -0.029661881269533400
0.948413115926842000 -0.028979137438406100
0.943264451906971000 -0.028284727914387900
0.938117422653481000 -0.027578449986447800
0.932972028166371000 -0.026860336349913200
0.927828203054986000 -0.026130798965912200
0.922686012709981000 -0.025389903225099800
0.917545391740702000 -0.024638204948045500
0.912406340147149000 -0.023875906845780400
0.907268857929320000 -0.023103224707466700
0.902132879696561000 -0.022320374322266700
0.896998405448872000 -0.021527591096539200
0.891865500576909000 -0.020724992733463400
0.886734165080671000 -0.019912644623694800
0.881604268178847000 -0.019090880259574700
0.876475875262094000 -0.018259699641103400
0.871348986330410000 -0.017419449338753300
0.866223601383797000 -0.016570207821310900
0.861099655031598000 -0.015712217034200300
0.855977147273814000 -0.014845679688452800
0.850856078110446000 -0.013970733104444200
0.845736447541491000 -0.013087436133764400
0.840618190176296000 -0.012196233432868800
0.835501306014861000 -0.011296850361005500
0.830385925838496000 -0.010389326152567500
0.825271918865890000 -0.009473870057651670
0.820159415878355000 -0.008550312060554360
0.815048351485234000 -0.007618495223703070
0.809938856467839000 -0.006678210297001080
0.804831061607479000 -0.005728987775543960
0.799724574560223000 -0.004772272138905440
0.794618872200830000 -0.003811616715290070
0.789513889138645000 -0.002847521089303690
0.784409429201701000 -0.001880150699304010
0.779305557780654000 -0.000909712833668079
0.774202274875504000 0.000063584800726883
0.769099515095596000 0.001039483727698930
0.763997147659619000 0.002017772330009630
0.758895237958229000 0.002998234386918470
0.753793655210115000 0.003980662217704450
0.748692464805932000 0.004964812896083460
0.743591535964370000 0.005950445784444280
0.738490803294773000 0.006937324691740280
0.733390332187798000 0.007925219246693110
0.728289991862133000 0.008913927915303410
0.723189782317778000 0.009903185865417530
0.718089572773424000 0.010892670067198700
0.712989428619724000 0.011882230776046500
0.707889219075370000 0.012871631931695500
0.702788878749705000 0.013860438686288700
0.697688473033384000 0.014848727546892500
0.692587936535753000 0.015836348768906500
0.687487073084846000 0.016822395383942900
0.682385948071319000 0.017806925589684800
0.677284561495170000 0.018790395158999000
0.672182913356401000 0.019772232577559000
0.667080872873700000 0.020752061849097300
0.661978374656413000 0.021729652144601000
0.656875418704539000 0.022704863528067800
0.651772005018079000 0.023677594643982200
0.646668133597032000 0.024647727789164800
0.641563673660088000 0.025615078561967900
0.636458690597902000 0.026579339626312000
0.631353053629165000 0.027540202338304400
0.626246762753875000 0.028497932837911900
0.621139883362688000 0.029452317297691900
0.616032350064949000 0.030403118349566000
0.610924162860658000 0.031350147014540600
0.605815190968504000 0.032293242431603800
0.600705434388488000 0.033232256163968400
0.595594958511264000 0.034167037159220700
0.590483632555522000 0.035097412132124400
0.585371521911918000 0.036023171178676400
0.580258495799141000 0.036944047505003200
0.575144554217190000 0.037859704349230600
0.570029566384757000 0.038769716018193000
0.564913532301839000 0.039673551539770100
0.559796255796473000 0.040570575316793200
0.554677802259313000 0.041460719342980800
0.549558237081013000 0.042344421735723000
0.544437625652231000 0.043222082685829600
0.539316033363620000 0.044094102384110600
0.534193590996492000 0.044960880367469300
0.529069644644293000 0.045819194184416700
0.523943998135058000 0.046666851940189800
0.518816978422065000 0.047506220122600900
0.513688716286622000 0.048338050724185100
0.508559211728730000 0.049161995866656700
0.503428268576422000 0.049977151197253800
0.498295756048390000 0.050782594053831500
0.493161739535288000 0.051577930784645300
0.488026219037116000 0.052363834913444000
0.482889652288460000 0.053142595113160100
0.477751712336045000 0.053912506649412200
0.472611745273318000 0.054668424585447800
0.467470208834866000 0.055413794354890100
0.462327299192654000 0.056149588970689000
0.457182950956028000 0.056875161065357600
0.452036967953021000 0.057589327068036700
0.446889350183633000 0.058291448112024600
0.441740163038521000 0.058982117290564300
0.436589471908338000 0.059661167857485000
0.431437146011775000 0.060327974024216100
0.426283250739487000 0.060982569793898400
0.421127851482128000 0.061624748532061500
0.415970752067734000 0.062253860909499000
0.410812279449581000 0.062870880593067100
0.405652499018323000 0.063477252716246100
0.400491541555271000 0.064073334312013500
0.395329276279115000 0.064658387773778400
0.390165703189854000 0.065231755271549400
0.385000887678145000 0.065793612052282400
0.379834698962675000 0.066342599298162100
0.374667071652791000 0.066877932975232300
0.369498071139148000 0.067399488841248100
0.364327697421745000 0.067907783482385900
0.359156146672547000 0.068403876227260000
0.353983091938280000 0.068883595152067600
0.348808402437633000 0.069345678217163000
0.343632339733226000 0.069792100220333800
0.338454903825059000 0.070222789231859200
0.333276094713133000 0.070636300118259000
0.328095912397447000 0.071032162066815500
0.322914422268657000 0.071410361999397700
0.317731558936107000 0.071769356696542600
0.312547387790453000 0.072108806126842800
0.307362039613005000 0.072429586525078400
0.302175579794418000 0.072732443344718900
0.296987812162727000 0.073012191106805500
0.291798998280553000 0.073270569202766900
0.286609138147895000 0.073508002671862200
0.281418297155408000 0.073723236013511000
0.276226540693749000 0.073914791398905500
0.271033999544227000 0.074082106468410900
0.265840673706843000 0.074225540870630800
0.260646759353561000 0.074343257128153600
0.255452256484383000 0.074436255718004100
0.250257426661928000 0.074500541271148500
0.245062269886197000 0.074537303897511900
0.239866982329156000 0.074544882674451600
0.234671760162770000 0.074522231351484200
0.229476734168350000 0.074468421381305600
0.224282231299172000 0.074382086099221800
0.219088316945890000 0.074263166653643000
0.213895318061782000 0.074108844707329400
0.208702907693570000 0.073935651017920000
0.203510562716014000 0.073760090186791700
0.198318544691734000 0.073576767484889000
0.193126984402040000 0.073379686589128600
0.187936208800209000 0.073163518161110100
0.182746479448861000 0.072923887565999600
0.177558057910618000 0.072656197840735200
0.172371532701376000 0.072355603537765200
0.167187099993101000 0.072019423640225800
0.162005675254966000 0.071640772512122600
0.156827258486971000 0.071222494646957500
0.151652961330255000 0.070756154650207400
0.146483568472680000 0.070238319512473400
0.141320060774075000 0.069665039638180400
0.136163484484923000 0.069032280423901400
0.131015147418328000 0.068335621461343800
0.125876488168705000 0.067571145850260000
0.120748879939815000 0.066735244026481900
0.115634022888691000 0.065824927637066200
0.110533486391060000 0.064837615058944800
0.105448905213303000 0.063771152323934800
0.100382044903109000 0.062623438430284200
0.095334801789480800 0.061392218708201100
0.090309726107971200 0.060073574949624700
0.085309368094133800 0.058664059759212000
0.080336670327453600 0.057159984450102200
0.075395556247243500 0.055555095060030300
0.070487595229228700 0.053851582175946000
0.065618345479102700 0.052040503625748300
0.060789114809970000 0.050125043934346500
0.056003630489177700 0.048102913120994600
0.051267385331764500 0.045968180907171100
0.046589795592081400 0.043707756737607900
0.041986816590001600 0.041299318858239900
0.037479896460436500 0.038715673911188400
0.033089567869124600 0.035938769498267300
0.028823612304036600 0.032974158593917800
0.024679741092239800 0.029841141903933900
0.020633563519338100 0.026582656240344700
0.016713132176420100 0.023174263153575500
0.013004043431165400 0.019538462292969100
0.009647737270809920 0.015575790548500100
0.006683448088484050 0.011311171568404700
0.004067167973226500 0.006824158316007530
0.001798046846519350 0.002152053936828050
0.000000000000000000 -0.002698437588379560
0.002252708072247630 -0.007211745731052810
0.005910399762501200 -0.010730410349248200
0.010117242175272600 -0.013596417376781900
0.014540200703538100 -0.016114448032575000
0.019088578508511200 -0.018402532449295300
0.023654807962358600 -0.020654704318170000
0.028268707203859700 -0.022807116203444700
0.032948781788441000 -0.024811372481192800
0.037699282108691800 -0.026642402374203900
0.042505887611119300 -0.028321300907851200
0.047342899768222900 -0.029910457306277700
0.052203583342515400 -0.031425866123749800
0.057077933563748300 -0.032896796217542900
0.061965165744059000 -0.034324424619450900
0.066868876369484700 -0.035694025353918700
0.071787430673644700 -0.037009587250914700
0.076722005688333100 -0.038263655775744000
0.081671751335032000 -0.039456564420748300
0.086633921206222300 -0.040596565486616000
0.091607599832730800 -0.041685143341220500
0.096590629322935400 -0.042730354113284700
0.101581309519801000 -0.043738501461971600
0.106578724954153000 -0.044712351411996800
0.111582941016648000 -0.045650955798859600
0.116592780675492000 -0.046558885429359900
0.121608178540029000 -0.047435525631338600
0.126629396172881000 -0.048278345786438700
0.131656368183392000 -0.049086044620621400
0.136688636836976000 -0.049860309212791300
0.141724959711183000 -0.050607672089404700
0.146765663759289000 -0.051324661006669500
0.151810422028019000 -0.052012963043490300
0.156858449829510000 -0.052676226998428300
0.161909550991796000 -0.053316172645715700
0.166963333170947000 -0.053934702853419300
0.172019338632374000 -0.054534060521013100
0.177077436594769000 -0.055116318532267500
0.182137234714199000 -0.055683216278611300
0.187198471428044000 -0.056237264761204800
0.192260819783027000 -0.056780968442142800
0.197324018216529000 -0.057316668306882300
0.202387739775272000 -0.057847444255283800
0.207451592115326000 -0.058376912390581000
0.212515771408655000 -0.058903176383772500
0.217581323905745000 -0.059416283777134200
0.222648576559870000 -0.059912056107797800
0.227717333199065000 -0.060392500868878300
0.232787593823329000 -0.060857179942985900
0.237859162260699000 -0.061306191416103300
0.242932103901828000 -0.061740418062076000
0.248006484137371000 -0.062156949996746800
0.253081976014054000 -0.062560325331587800
0.258158579531875000 -0.062948883143956500
0.263236360081490000 -0.063321701425614400
0.268315252272244000 -0.063679139825165000
0.273395125322825000 -0.064022401530664400
0.278475848451925000 -0.064353127847558700
0.283557290878232000 -0.064672384643527700
0.288639714164368000 -0.064975862674392800
0.293722922138366000 -0.065265484425417200
0.298806849409571000 -0.065543211616257500
0.303891365196674000 -0.065808959239062000
0.308976469499673000 -0.066062871153272100
0.314062162318570000 -0.066305012749543000
0.319148312872052000 -0.066537280356876000
0.324234921160122000 -0.066760000928547300
0.329321987182778000 -0.066971408916865900
0.334409641721331000 -0.067168692523657500
0.339497623213159000 -0.067357213782650000
0.344585866267609000 -0.067538607460223700
0.349674305494025000 -0.067713135118999500
0.354763006283061000 -0.067880862149632800
0.359851968634718000 -0.068041396208192100
0.364941257939652000 -0.068189963776846500
0.370030808807206000 -0.068328526575252700
0.375120621237381000 -0.068459242495032800
0.380210564448866000 -0.068583027005359700
0.385300703832317000 -0.068699880106233600
0.390390973997079000 -0.068809344063068000
0.395481440333806000 -0.068910830359965700
0.400572037451844000 -0.069004338996927000
0.405662765351192000 -0.069090720052469500
0.410753624031851000 -0.069170954386421500
0.415844613493819000 -0.069241053168814800
0.420935733737099000 -0.069298989289337600
0.426026919371033000 -0.069350386344338700
0.431118235786279000 -0.069394721208576200
0.436209552201523000 -0.069430882240911600
0.441300934007424000 -0.069458150144137300
0.446392381203979000 -0.069476197964977400
0.451483828400535000 -0.069484829531466100
0.456575275597090000 -0.069484567968845300
0.461666722793646000 -0.069476067183667000
0.466758169990201000 -0.069460373426414700
0.471849617186757000 -0.069438140603640700
0.476940998992657000 -0.069405903010618400
0.482032250017247000 -0.069364576116520900
0.487123501041837000 -0.069315467734452500
0.492214621285116000 -0.069259297161620500
0.497305741528395000 -0.069196260569990700
0.502396730990364000 -0.069126488740873500
0.507487589671023000 -0.069049850892958400
0.512578382961026000 -0.068966281635590300
0.517669045469719000 -0.068875715578113900
0.522759577197101000 -0.068778545064460500
0.527849978143173000 -0.068675293219871800
0.532940248307935000 -0.068565633091071800
0.538030453082041000 -0.068449630068715800
0.543120396293527000 -0.068327611106079700
0.548210274114357000 -0.068199641593818700
0.553300021153877000 -0.068065983094553900
0.558389572021431000 -0.067926766389595500
0.563478992107675000 -0.067782122260254100
0.568568216021953000 -0.067631985315874400
0.573657309154921000 -0.067476355556456500
0.578746206115923000 -0.067315298372655400
0.583834972295614000 -0.067148879155126600
0.588923542303340000 -0.066976967122559400
0.594011916139100000 -0.066799431493643500
0.599100028412240000 -0.066616206877723700
0.604188009904069000 -0.066427031712179100
0.609275729833277000 -0.066232363731596200
0.614363253590519000 -0.066032399107940700
0.619450581175796000 -0.065827072450557300
0.624537712589107000 -0.065616122196825200
0.629624517049142000 -0.065399156002813100
0.634711125337211000 -0.065175774985524100
0.639797341281349000 -0.064945573722896000
0.644883295662867000 -0.064708277574176700
0.649968857700453000 -0.064463808070580000
0.655054158175417000 -0.064212361384071700
0.660139000915796000 -0.063953277069033900
0.665223385921588000 -0.063684966132544900
0.670307313192794000 -0.063408259035925900
0.675390782729412000 -0.063123057693194200
0.680473729140790000 -0.062828708197797600
0.685556152426925000 -0.062524465096266500
0.690637856415853000 -0.062210060286914600
0.695719037279539000 -0.061886154215359500
0.700799695017984000 -0.061554858999764900
0.705879633459221000 -0.061212604310355800
0.710958852603251000 -0.060859959045832600
0.716037548622039000 -0.060499015707162300
0.721115459952965000 -0.060128329160864600
0.726192717377338000 -0.059748200203953400
0.731269320895159000 -0.059359420063357000
0.736345270506428000 -0.058961674863930200
0.741420304648523000 -0.058552924417230300
0.746494619493412000 -0.058136032833955800
0.751568476603714000 -0.057712477942914600
0.756641549026153000 -0.057280324180712300
0.761713771370075000 -0.056838394515555000
0.766785405198099000 -0.056388846839064800
0.771856254338261000 -0.055931511135538100
0.776926449571871000 -0.055466642428530500
0.781995990898928000 -0.054994456507203900
0.787064812928779000 -0.054515156082589700
0.792133046442732000 -0.054029041951701800
0.797200560659478000 -0.053535512520512200
0.802267551750982000 -0.053037268423081500
0.807334019717244000 -0.052533394190236400
0.812400160730230000 -0.052026270041827100
0.817466040180596000 -0.051516327556177900
0.822531658068340000 -0.051004024467875400
0.827597079784119000 -0.050489805433374900
0.832662370718588000 -0.049973899319969900
0.837727465481090000 -0.049456711549722600
0.842792560243593000 -0.048938634466564300
0.847857524224785000 -0.048420151961343700
0.852922488205978000 -0.047901545213878100
0.857987517577825000 -0.047383193489967900
0.863052612340328000 -0.046865515289806500
0.868117772493486000 -0.046348831027604300
0.873183128818610000 -0.045833519969161800
0.878248615925044000 -0.045319994075606600
0.883314299203444000 -0.044808665308066800
0.888380309435119000 -0.044299991401128800
0.893446581229416000 -0.043794233917413600
0.898513245367644000 -0.043291902904031700
0.903580236459148000 -0.042793305697062700
0.908647619894584000 -0.042299063507731300
0.913715526455261000 -0.041809732156606700
0.918783956141180000 -0.041325854386127200
0.923852908952340000 -0.040847959860600200
0.928922515670053000 -0.040376656713119100
0.933992841684973000 -0.039912644623694800
0.939063821606445000 -0.039456806366172600
0.944135651606436000 -0.039010162034774100
0.949208397075599000 -0.038573326301658200
0.954281927232625000 -0.038146783057673600
0.959356438249479000 -0.037731827037793500
0.964431864735506000 -0.037328059359021200
0.969508206690706000 -0.036935878904353400
0.974585529505735000 -0.036556855049515400
0.979664225524523000 -0.036196192890662600
0.984744752481657000 -0.035863125588311500
0.989827829674345000 -0.035570397781164300
0.994913849446517000 -0.035335978821274600
1.000000000000000000 -0.035103443112255100