Airfoil 20,0.4984172563438980,3.3866870735809300,-2.800,0.00,0.00
Airfoil 19,0.5290767128086230,3.2614897943357800,-2.660,0.00,0.00
Airfoil 18,0.5597839324571560,3.1363372661201200,-2.520,0.00,0.00
Airfoil 17,0.5905597055331410,3.0111847287181200,-2.380,0.00,0.00
Airfoil 16,0.6214058461458260,2.8860322076431700,-2.240,0.00,0.00
Airfoil 15,0.6523019422140240,2.7608796795864100,-2.100,0.00,0.00
Airfoil 14,0.6832171677454060,2.6357271466351200,-1.960,0.00,0.00
Airfoil 13,0.7138355359699100,2.5105746260266400,-1.820,0.00,0.00
Airfoil 12,0.7436958942332770,2.3854220991852800,-1.680,0.00,0.00
Airfoil 11,0.7737254281022500,2.2602695785732800,-1.540,0.00,0.00
Airfoil 10,0.8042439159010050,2.1351170561016000,-1.400,0.00,0.00
Airfoil 9,0.8353125320119700,2.0099646874224400,-1.260,0.00,0.00
Airfoil 8,0.8691796831502460,1.8847408415866600,-1.120,0.00,0.00
Airfoil 7,1.0339725791235900,1.7241172839487600,-0.980,0.00,0.00
Airfoil 6,1.2672253491879700,1.5428098601453900,-0.840,0.00,0.00
Airfoil 5,1.5232274871117200,1.3552032633110200,-0.700,0.00,0.00
Airfoil 4,1.7903833542529200,1.1623545372989500,-0.560,0.00,0.00
Airfoil 3,2.1293700807809400,0.8866592121601010,-0.420,0.00,0.00
Airfoil 2,2.5627076105872500,0.5123899292916640,-0.280,0.00,0.00
Airfoil 1,2.9794860632944000,0.1482876058544800,-0.140,0.00,0.00
Airfoil 0,3.1605785089995400,0.0000000000000000,0.000,0.00,0.00
Airfoil 1,2.9794860632944000,0.1482876058544800,0.140,0.00,0.00
Airfoil 2,2.5627076105872500,0.5123899292916640,0.280,0.00,0.00
Airfoil 3,2.1293700807809400,0.8866592121601010,0.420,0.00,0.00
Airfoil 4,1.7903833542529200,1.1623545372989500,0.560,0.00,0.00
Airfoil 5,1.5232274871117200,1.3552032633110200,0.700,0.00,0.00
Airfoil 6,1.2672253491879700,1.5428098601453900,0.840,0.00,0.00
Airfoil 7,1.0339725791235900,1.7241172839487600,0.980,0.00,0.00
Airfoil 8,0.8691796831502460,1.8847408415866600,1.120,0.00,0.00
Airfoil 9,0.8353125320119700,2.0099646874224400,1.260,0.00,0.00
Airfoil 10,0.8042439159010050,2.1351170561016000,1.400,0.00,0.00
Airfoil 11,0.7737254281022500,2.2602695785732800,1.540,0.00,0.00
Airfoil 12,0.7436958942332770,2.3854220991852800,1.680,0.00,0.00
Airfoil 13,0.7138355359699100,2.5105746260266400,1.820,0.00,0.00
Airfoil 14,0.6832171677454060,2.6357271466351200,1.960,0.00,0.00
Airfoil 15,0.6523019422140240,2.7608796795864100,2.100,0.00,0.00
Airfoil 16,0.6214058461458260,2.8860322076431700,2.240,0.00,0.00
Airfoil 17,0.5905597055331410,3.0111847287181200,2.380,0.00,0.00
Airfoil 18,0.5597839324571560,3.1363372661201200,2.520,0.00,0.00
Airfoil 19,0.5290767128086230,3.2614897943357800,2.660,0.00,0.00
Airfoil 20,0.4984172563438980,3.3866870735809300,2.800,0.00,0.00