Airfoil 70
1.00000000000000000000 -0.01963986191255270000
0.99479446309016700000 -0.01940664595055580000
0.98959032929001300000 -0.01914418152951890000
0.98438900170921800000 -0.01883090859366670000
0.97919089490291300000 -0.01846860654118340000
0.97399607264881200000 -0.01806136671233810000
0.96880440739149000000 -0.01761578691150860000
0.96361558024238200000 -0.01713827679882040000
0.95842943175720700000 -0.01663249083721070000
0.95324583438053900000 -0.01610132772372120000
0.94806475622352300000 -0.01554582703506900000
0.94288629295272800000 -0.01496667119277960000
0.93771041267929600000 -0.01436494122908330000
0.93253705162551600000 -0.01374173093175270000
0.92736611412481800000 -0.01309861879917690000
0.92219750451063300000 -0.01243738104065430000
0.91703109522753500000 -0.01175896156633280000
0.91186675872010100000 -0.01106488466354570000
0.90670449498832900000 -0.01035568606507960000
0.90154427214336200000 -0.00963179308160942000
0.89638605829634600000 -0.00889353416835566000
0.89122985344727900000 -0.00814148651361813000
0.88607562570730600000 -0.00737602321701606000
0.88092331129871400000 -0.00659781713341834000
0.87577281455493300000 -0.00580775158414575000
0.87062397603168200000 -0.00500682787928752000
0.86547666817353600000 -0.00419607284001799000
0.86033076342506900000 -0.00337649096531204000
0.85518613423085600000 -0.00254902170087760000
0.85004262114661500000 -0.00171445876034912000
0.84490022417234600000 -0.00087322020663327100
0.83975891141919300000 -0.00002541442995278540
0.83461868288715500000 0.00082908210712182300
0.82947963424280300000 0.00169059243870533000
0.82434179737499100000 0.00255935059711447000
0.81920523606143300000 0.00343545377958336000
0.81406985463556000000 0.00431868007156071000
0.80893562120851600000 0.00520845474018860000
0.80380237633601800000 0.00610393209299675000
0.79867008812921000000 0.00700466568599632000
0.79353869281038100000 0.00791082166012887000
0.78840815849067200000 0.00882158110956346000
0.78327826194809100000 0.00973607251185615000
0.77814897129378000000 0.01065382678193010000
0.77302015897231400000 0.01157424600372890000
0.76789176120598100000 0.01249705146864790000
0.76276371421706700000 0.01342185668374840000
0.75763601800557300000 0.01434846361923250000
0.75250857690493000000 0.01527664713977420000
0.74738142280399400000 0.01620625290330900000
0.74225446003619700000 0.01713715303552280000
0.73712775237925000000 0.01806925824761790000
0.73200126794429700000 0.01900250922632150000
0.72687494295362600000 0.01993682816282410000
0.72174880929609300000 0.02087220134491750000
0.71662289886055500000 0.02180857679376580000
0.71149711598044200000 0.02274592038829280000
0.70637155632232400000 0.02368419386187080000
0.70124612421963000000 0.02462334970010390000
0.69612081967236300000 0.02556330339752270000
0.69099567456937600000 0.02650396247644400000
0.68587062513295900000 0.02744509797487900000
0.68074560758539900000 0.02838646498641110000
0.67562055814898200000 0.02932770826918050000
0.67049541304599600000 0.03026837021809880000
0.66537007660987100000 0.03120803978580760000
0.66024448506289600000 0.03214633334936510000
0.65511857462735800000 0.03308294413797330000
0.64999234530325600000 0.03401757143971680000
0.64486570142402200000 0.03495007494362760000
0.63973861110079900000 0.03588025693879650000
0.63461113811129900000 0.03680806640305330000
0.62948318678895500000 0.03773333113657380000
0.62435475713376500000 0.03865598098387390000
0.61922581725687400000 0.03957583098958690000
0.61409636715828100000 0.04049273127608790000
0.60896634306027400000 0.04140643948806880000
0.60383571307399700000 0.04231671645910680000
0.59870441342173600000 0.04322330388946580000
0.59357241221463600000 0.04412575533515670000
0.58843964567498300000 0.04502397512961050000
0.58330611380277800000 0.04591776556191800000
0.57817178470916500000 0.04680696399891170000
0.57303662650528600000 0.04769142375185250000
0.56790063919114300000 0.04857099813200120000
0.56276382276673400000 0.04944558190613180000
0.55762611345434800000 0.05031508259656090000
0.55248754314284000000 0.05117940772560520000
0.54734807994335500000 0.05203844568226740000
0.54220772385589200000 0.05289211036663540000
0.53706644299159500000 0.05374027422328370000
0.53192423735046400000 0.05458281926344410000
0.52678110693249900000 0.05541961155391970000
0.52163701984884400000 0.05625045976157250000
0.51649194421064200000 0.05707518849769260000
0.51134584812903700000 0.05789358091805680000
0.50619873160402900000 0.05870542974509900000
0.50105053085790500000 0.05951053407902410000
0.49590127777952200000 0.06030861967566760000
0.49075087670231000000 0.06109946650192070000
0.48559932762627000000 0.06188283220247510000
0.48044663055140200000 0.06265845528870880000
0.47529272169999200000 0.06342609340531360000
0.47013760107204100000 0.06418557754135090000
0.46498126866754900000 0.06493672274145390000
0.45982369259766000000 0.06567930897251370000
0.45466484097351600000 0.06641310663476480000
0.44950474568397600000 0.06713783191738550000
0.44434331106246800000 0.06785323289841080000
0.43918056899785100000 0.06855900663370550000
0.43401648760126700000 0.06925487569021920000
0.42885106687271700000 0.06994059133487260000
0.42368424303448700000 0.07061584424575900000
0.41851601608657800000 0.07128030277877240000
0.41334635414013400000 0.07193357151209430000
0.40817525719515400000 0.07257522632393510000
0.40300266147392600000 0.07320473148150830000
0.39782863075416200000 0.07382224005132430000
0.39265319692472000000 0.07442792423320750000
0.38747635998559700000 0.07502149383856490000
0.38229811993679600000 0.07560275434537310000
0.37711847677831600000 0.07617144107612420000
0.37193746239901200000 0.07672730848662450000
0.36675504491003000000 0.07727006319939550000
0.36157122431136800000 0.07779937038144560000
0.35638606438074000000 0.07831496216638160000
0.35119950134043200000 0.07881652604341120000
0.34601156707930200000 0.07930375587951350000
0.34082226159734900000 0.07977628814172610000
0.33563161678342900000 0.08023375291931560000
0.33043963263754300000 0.08067569420163600000
0.32524634104854700000 0.08110176758903900000
0.32005171012758400000 0.08151152663753560000
0.31485580365236700000 0.08190459186973540000
0.30965861205624000000 0.08228030637519760000
0.30446015766140100000 0.08263820457661960000
0.29926047873447900000 0.08297780176338500000
0.29405960397544400000 0.08329855901382140000
0.28885756527315200000 0.08359982260637390000
0.28365439770534500000 0.08388097389722930000
0.27845014591642300000 0.08414125393160660000
0.27324485773966900000 0.08437989418806780000
0.26803858738614100000 0.08459605598969120000
0.26283139863354900000 0.08478882731518510000
0.25762336482626400000 0.08495722598777420000
0.25241457206419800000 0.08510018691965660000
0.24720511601392000000 0.08521654616757550000
0.24199511466419900000 0.08530504412170540000
0.23678469875934500000 0.08536426810571020000
0.23157402455475500000 0.08539252482131790000
0.22636327381690900000 0.08538796152597490000
0.22115266976780300000 0.08534888492140920000
0.21594246751828700000 0.08527356025383560000
0.21073296044583900000 0.08515988923650650000
0.20552448976122200000 0.08500585968258670000
0.20031747001956900000 0.08480882481699930000
0.19511240187592400000 0.08456570098733590000
0.18990976685201900000 0.08427507870614590000
0.18470988702530100000 0.08393883941595380000
0.17951332682853000000 0.08355458826364790000
0.17432053589457800000 0.08312243686022550000
0.16913206271177500000 0.08264121488465870000
0.16394850041285000000 0.08210972331594890000
0.15877038791947400000 0.08152753484342110000
0.15359845229757200000 0.08089280310229280000
0.14843344931304000000 0.08020395278306070000
0.14327622402057000000 0.07945912476539980000
0.13812784788573700000 0.07865540440784010000
0.13298938599634100000 0.07779064559034950000
0.12786205650669500000 0.07686210268239680000
0.12274755271507100000 0.07586536864403490000
0.11764736064217600000 0.07479785091124300000
0.11256332027501900000 0.07365587907665570000
0.10749682196773800000 0.07243851879678210000
0.10244972802954300000 0.07114297660780630000
0.09742388801410210000 0.06976736150054710000
0.09242111958622730000 0.06831005989887340000
0.08744420026530620000 0.06676679231826350000
0.08249419195025500000 0.06513936685687240000
0.07757535180339590000 0.06341997074489530000
0.07269075391048050000 0.06160562875203530000
0.06784425044535550000 0.05969187324951820000
0.06303932367113360000 0.05767602876229680000
0.05827969182846480000 0.05555545489306570000
0.05356936972436300000 0.05332753994449010000
0.04891092122287840000 0.05099311302683500000
0.04431337724812790000 0.04854097477375190000
0.03978946145379350000 0.04595564314548510000
0.03536015670735050000 0.04321158154587320000
0.03105235488135490000 0.04028067357027620000
0.02688471414565450000 0.03715370971698180000
0.02286032548709490000 0.03384430014987810000
0.01896541132529200000 0.03038324631530910000
0.01519946494631850000 0.02678241884004960000
0.01163320786133450000 0.02298477748897720000
0.00841163965680853000 0.01889227678437220000
0.00561636040835443000 0.01449701307318930000
0.00322312023516429000 0.00987025284714376000
0.00130666406540337000 0.00502809009314442000
0.00000000000000000000 -0.00000139312846716414
0.00159396352776216000 -0.00482265378946431000
0.00495593262678304000 -0.00862948806004398000
0.00900583045708764000 -0.01173799783217130000
0.01334992084493870000 -0.01442201271528480000
0.01779852090057920000 -0.01693098966591800000
0.02232337996728430000 -0.01929941010443730000
0.02693824277991600000 -0.02148705580521990000
0.03164060861435960000 -0.02347968839390740000
0.03640539688509940000 -0.02531876657263470000
0.04120944352688620000 -0.02705291446955710000
0.04603500239116360000 -0.02872632366179840000
0.05087713070519800000 -0.03035118207025380000
0.05573611546869680000 -0.03192489075313100000
0.06061377753535700000 -0.03343970709610940000
0.06551052189365430000 -0.03489163861437460000
0.07042584469965860000 -0.03627937786481630000
0.07535762853330830000 -0.03760745306503570000
0.08030319473067060000 -0.03888326242970490000
0.08526055980488060000 -0.04011248217525340000
0.09022784231341420000 -0.04130097985124870000
0.09520340635794060000 -0.04245433600755130000
0.10018629527277000000 -0.04357564386322680000
0.10517626670259300000 -0.04466499908484400000
0.11017321860307000000 -0.04572185956184530000
0.11517698515214900000 -0.04674597018337980000
0.12018731761674800000 -0.04773745850487280000
0.12520408844144500000 -0.04869584619347930000
0.13022672362682200000 -0.04962301469172360000
0.13525503183974400000 -0.05051890022189290000
0.14028848691408000000 -0.05138538422651180000
0.14532674126129600000 -0.05222355092669590000
0.15036934205963200000 -0.05303515420954420000
0.15541608203152200000 -0.05382060863018920000
0.16046662315508800000 -0.05458122163174120000
0.16552075177499200000 -0.05531763099132690000
0.17057830206918300000 -0.05603018748636620000
0.17563909227117800000 -0.05671933756084790000
0.18070300120332400000 -0.05738517688134120000
0.18576994595459400000 -0.05802751411470780000
0.19083982448064800000 -0.05864628548323510000
0.19591255068157300000 -0.05924123587607230000
0.20098824892391000000 -0.05981026062870070000
0.20606644406369900000 -0.06035658051561120000
0.21114702448994200000 -0.06088025931451630000
0.21622977335841700000 -0.06138244502424460000
0.22131456630258300000 -0.06186352031107230000
0.22640137143358500000 -0.06232278362015960000
0.23148976781851900000 -0.06276412539198080000
0.23657990852389500000 -0.06318480318489010000
0.24167160540546000000 -0.06358628388627940000
0.24676466075230500000 -0.06397006627239700000
0.25185934561971000000 -0.06433162212564190000
0.25695505730829000000 -0.06467847721611150000
0.26205164275153300000 -0.06501219409776670000
0.26714953882677200000 -0.06532521511165370000
0.27224835011218800000 -0.06562302514106400000
0.27734803834115300000 -0.06590536907514670000
0.28244854611372700000 -0.06617250202475260000
0.28754980008553900000 -0.06642502987815230000
0.29265172691222000000 -0.06666352663476000000
0.29775426919382800000 -0.06688856629399000000
0.30285736634153700000 -0.06710059529983090000
0.30796096414429000000 -0.06730018765169720000
0.31306502114657500000 -0.06748778979357750000
0.31816947038179300000 -0.06766394383602980000
0.32327433417214300000 -0.06782871355676680000
0.32837948496220100000 -0.06798302373262250000
0.33348498652967800000 -0.06812655547503340000
0.33859074320800600000 -0.06825972333913210000
0.34369675499718500000 -0.06838300565776360000
0.34880299000835800000 -0.06849601976465190000
0.35390944824152600000 -0.06859975421434370000
0.35901609780783200000 -0.06869353934085570000
0.36412287492956300000 -0.06877826803216560000
0.36922984338443200000 -0.06885343006657190000
0.37433690750587000000 -0.06891982266548310000
0.37944409918273400000 -0.06897518172009880000
0.38455138652616600000 -0.06902275989376620000
0.38965873764731200000 -0.06906137729880060000
0.39476615254617000000 -0.06908994971408610000
0.39987363122274000000 -0.06910828580648480000
0.40498110989931100000 -0.06911711901969250000
0.41008862046473800000 -0.06911613046514580000
0.41519609914130900000 -0.06910139781351420000
0.42030354592902300000 -0.06907630128357030000
0.42541092893902500000 -0.06904205265185520000
0.43051821628245800000 -0.06899689803127010000
0.43562540795932100000 -0.06893943431213560000
0.44073247208075900000 -0.06887390271234560000
0.44583940864677200000 -0.06879861312251400000
0.45094618576850300000 -0.06871273643237570000
0.45605280344595300000 -0.06861668719706320000
0.46115922979026400000 -0.06851209174825000000
0.46626549669029300000 -0.06839971541848860000
0.47137147659061600000 -0.06827522132331600000
0.47647726515780000000 -0.06814323334690210000
0.48158289428070300000 -0.06800442115523030000
0.48668826829275500000 -0.06785699897234520000
0.49179332341624300000 -0.06769943613314230000
0.49689818720659400000 -0.06753555930038300000
0.50200289155266200000 -0.06736584680691250000
0.50710724512131100000 -0.06718669521196370000
0.51221131169025300000 -0.06699934818093410000
0.51731515503720000000 -0.06680613360033690000
0.52241877516215300000 -0.06660708335902860000
0.52752201262083000000 -0.06639878534938000000
0.53262496307980000000 -0.06618356745790450000
0.53772772220563100000 -0.06596315168284470000
0.54283019433175600000 -0.06573623058109040000
0.54793228379160400000 -0.06550117782096800000
0.55303408625174500000 -0.06526032128899070000
0.55813563360103600000 -0.06501350154087690000
0.56323683017290600000 -0.06475988946636140000
0.56833767596735700000 -0.06449974017629510000
0.57343829853981300000 -0.06423420166950650000
0.57853847466828100000 -0.06396097794833860000
0.58363833190818500000 -0.06368159967789600000
0.58873780648181300000 -0.06339526963677010000
0.59383686650030900000 -0.06310198782496090000
0.59893554385252800000 -0.06280159479818670000
0.60403374287190200000 -0.06249348466817680000
0.60913143166957500000 -0.06217708343551720000
0.61422857835669000000 -0.06185200843393160000
0.61932515104439000000 -0.06151845099655800000
0.62442118162153300000 -0.06117641112339660000
0.62951667008811800000 -0.06082595259216000000
0.63461152077757600000 -0.06046707540284820000
0.63970579746761900000 -0.06009974766660480000
0.64479946826939200000 -0.05972400127228630000
0.64989250129403900000 -0.05933980433103620000
0.65498489654155800000 -0.05894712495399820000
0.66007659023423800000 -0.05854593125231590000
0.66516764614979000000 -0.05813609567056410000
0.67025796862164700000 -0.05771765009759890000
0.67534755764980800000 -0.05729040320028240000
0.68043641323427300000 -0.05685435497861460000
0.68552450348618600000 -0.05640937787717010000
0.69061179651669000000 -0.05595547189594880000
0.69569829232578500000 -0.05549286025694520000
0.70078402280232800000 -0.05502167051558470000
0.70586892416860600000 -0.05454193456072350000
0.71095306020233200000 -0.05405384372549990000
0.71603639901464900000 -0.05355746178762650000
0.72111890871670200000 -0.05305291630252860000
0.72620062119734500000 -0.05254023915906260000
0.73128150456772400000 -0.05201949413494130000
0.73636155882783700000 -0.05149087256330260000
0.74144081586654200000 -0.05095437444414650000
0.74651924379498200000 -0.05041019111061130000
0.75159684261315700000 -0.04985838634040940000
0.75667364420992400000 -0.04929908768896640000
0.76174961669642500000 -0.04873251837827660000
0.76682479196151800000 -0.04815874218605270000
0.77189913811634500000 -0.04757791855657650000
0.77697271893862100000 -0.04699014315641690000
0.78204550253948800000 -0.04639560731871220000
0.78711748891894600000 -0.04579431104346220000
0.79218867807699600000 -0.04518647755266130000
0.79725910190249300000 -0.04457213873516610000
0.80232869661772500000 -0.04395110325783820000
0.80739752600040500000 -0.04332372189809760000
0.81246543060625100000 -0.04268891043482850000
0.81753237854640700000 -0.04204663697917460000
0.82259868870943500000 -0.04139929319536180000
0.82766416976219900000 -0.04074560352913620000
0.83272898114898000000 -0.04008642897961910000
0.83779309098092100000 -0.03942221599079950000
0.84285662681344700000 -0.03875334722895350000
0.84791958864656000000 -0.03808036480463890000
0.85298204025797100000 -0.03740365138413190000
0.85804407731424900000 -0.03672365341142130000
0.86310573170425100000 -0.03604081733049590000
0.86816706720569000000 -0.03535549391877560000
0.87322811570742200000 -0.03466825717567460000
0.87828894098715900000 -0.03397952165632540000
0.88334967060032700000 -0.03328982947128570000
0.88841033643578300000 -0.03259959517568820000
0.89347097038238200000 -0.03190926521352170000
0.89853166810669400000 -0.03121954113962570000
0.90359258905300000000 -0.03053116915323880000
0.90865379699901400000 -0.02984510273116570000
0.91371541950016000000 -0.02916205618378850000
0.91877758411186300000 -0.02848302444342510000
0.92384045027840700000 -0.02780939467532670000
0.92890408177750300000 -0.02714129762380420000
0.93396895694199600000 -0.02648289478461080000
0.93903504388303000000 -0.02583373014710060000
0.94410262960031300000 -0.02519654934180500000
0.94917187353812500000 -0.02457248442312440000
0.95424299891846200000 -0.02396404504405300000
0.95931594196361000000 -0.02337102392702460000
0.96439105345099100000 -0.02279665779095840000
0.96946842904717100000 -0.02224290461163380000
0.97454851519614100000 -0.02171444248427680000
0.97963188589731500000 -0.02121859309030440000
0.98471895570582400000 -0.02076245807802450000
0.98980966084395700000 -0.02034878307796870000
0.99490409697828300000 -0.01998385657260810000
1.00000000000000000000 -0.01963986191255270000