Airfoil 910
1.00000000000000000000 -0.03929402077758290000
0.99488368739995300000 -0.03851609042356840000
0.98977067531053000000 -0.03771665463717400000
0.98466278769812800000 -0.03688510835663230000
0.97955759260755100000 -0.03603712032185190000
0.97445231066143100000 -0.03518953182256800000
0.96934537845999900000 -0.03435217490621770000
0.96423644858108400000 -0.03352679536920990000
0.95912586844685800000 -0.03271208169284930000
0.95401398547949000000 -0.03190554112305950000
0.94890132081223800000 -0.03110389052032550000
0.94378813501173000000 -0.03030526249047850000
0.93867468864459300000 -0.02950876242142830000
0.93356115542191400000 -0.02871239263569220000
0.92844779591032000000 -0.02791534537672290000
0.92333461010981200000 -0.02711661312022460000
0.91822185858701700000 -0.02631569210404950000
0.91310945448639300000 -0.02551213067937540000
0.90799757151902500000 -0.02470550325404290000
0.90288620968491400000 -0.02389546240588120000
0.89777545583960200000 -0.02308153911495940000
0.89266539683863200000 -0.02226355967019210000
0.88755603268200400000 -0.02144117664940850000
0.88244736336971700000 -0.02061410342931740000
0.87733956261285800000 -0.01978220104105050000
0.87223254355588300000 -0.01894513074799120000
0.86712647990987900000 -0.01810265804017420000
0.86202128481930100000 -0.01725450497986250000
0.85691713199523700000 -0.01640043705709100000
0.85181402143768500000 -0.01553999393748310000
0.84671204000218900000 -0.01467280214220510000
0.84161127454429100000 -0.01379840133688050000
0.83651189877507600000 -0.01291616616160170000
0.83141399955008800000 -0.01202547994201520000
0.82631775058041200000 -0.01112546543713960000
0.82122323872159100000 -0.01021524540599320000
0.81613081139579500000 -0.00929371678318338000
0.81104072916965200000 -0.00835933354004952000
0.80595333946533400000 -0.00741026302464005000
0.80086907656055500000 -0.00644469690455531000
0.79578602963337400000 -0.00547298401771158000
0.79070289585065000000 -0.00450127894786670000
0.78561976206792600000 -0.00352964075678971000
0.78053662828520200000 -0.00255827442356148000
0.77545340764693600000 -0.00158714260029861000
0.77037010015312600000 -0.00061639172544615500
0.76528679265931700000 0.00035395410726833200
0.76020331145442200000 0.00132384002251296000
0.75511974339398500000 0.00229306771171256000
0.75003608847800400000 0.00326165015108522000
0.74495225985093800000 0.00422949440520021000
0.73986825751278700000 0.00519646263431124000
0.73478408146355100000 0.00616252374413399000
0.72969973170322800000 0.00712767591070208000
0.72461512137627800000 0.00809158300306513000
0.71953033733824200000 0.00905427429154105000
0.71444520587803600000 0.01001549937160010000
0.70935990070674400000 0.01097522966776890000
0.70427416125773800000 0.01193334184517650000
0.69918816124210400000 0.01288940249466490000
0.69410181380429900000 0.01384401526225600000
0.68901503208878000000 0.01479654870815410000
0.68392772924000500000 0.01574602310183730000
0.67884016582460200000 0.01669384376598690000
0.67375216813148500000 0.01763948609312480000
0.66866364930511200000 0.01858242200155120000
0.66357460934548300000 0.01952258461249830000
0.65848513510814000000 0.02046012505461040000
0.65339513973754000000 0.02139517361120160000
0.64830471008922700000 0.02232759305051430000
0.64321367245211400000 0.02325673803586610000
0.63812185311511700000 0.02418203879489670000
0.63302968635595000000 0.02510503093360150000
0.62793699846352500000 0.02602502221330510000
0.62284361572675900000 0.02694115102702340000
0.61774962500119400000 0.02785387944624380000
0.61265493943128700000 0.02876286699723890000
0.60755938530595300000 0.02966743620677530000
0.60246304948073400000 0.03056700774838300000
0.59736575824454500000 0.03146108654546840000
0.59226742474184300000 0.03234924005742890000
0.58716796211708600000 0.03323108003998830000
0.58206728351473100000 0.03410624777975520000
0.57696547579032000000 0.03497439238033690000
0.57186245208831100000 0.03583515339123120000
0.56675812555316100000 0.03668814256816210000
0.56165240932932700000 0.03753292737052660000
0.55654521656126700000 0.03836901185317590000
0.55143663410452400000 0.03919657841274970000
0.54632674881463900000 0.04001547418349280000
0.54121530012498500000 0.04082511375904710000
0.53610237489110500000 0.04162514624302010000
0.53098797311299800000 0.04241536491922000000
0.52587192107958000000 0.04319562647600140000
0.52075447935747800000 0.04396576675638840000
0.51563538738006300000 0.04472551390253240000
0.51051473200288000000 0.04547440063161350000
0.50539233951484200000 0.04621170343696070000
0.50026838362703500000 0.04693796603427150000
0.49514295119500200000 0.04765332478674790000
0.49001595536319900000 0.04835717778547900000
0.48488722242054200000 0.04904912462641260000
0.47975692607811600000 0.04972890648003150000
0.47462497948037800000 0.05039635137236100000
0.46949146948287100000 0.05105131686031110000
0.46435639608559500000 0.05169363010135170000
0.45921967243300600000 0.05232303660874270000
0.45408129852510600000 0.05293913510987660000
0.44894136121743700000 0.05354154344036540000
0.44379986050999800000 0.05413055864616530000
0.43865679640279100000 0.05470596793119650000
0.43351216889581400000 0.05526747077528130000
0.42836606484461100000 0.05581475276135480000
0.42321839739363900000 0.05634748383835490000
0.41806925339844000000 0.05686531918977680000
0.41291863285901500000 0.05736805991642760000
0.40776653577536400000 0.05785593531694020000
0.40261304900302900000 0.05832879426267030000
0.39745817254201000000 0.05878620160734870000
0.39230181953676500000 0.05922757107606200000
0.38714416369837900000 0.05965230249701000000
0.38198511817130900000 0.06005990861059790000
0.37682468295555500000 0.06045015230119420000
0.37166303176220300000 0.06082317080055620000
0.36650016459125400000 0.06117961552525460000
0.36133625515379100000 0.06152077888576500000
0.35617147716090100000 0.06184802277699750000
0.35100548319041200000 0.06215435967053960000
0.34583827324232600000 0.06244078319379990000
0.34067010788327000000 0.06271003711337340000
0.33550116082432900000 0.06296278413705110000
0.33033134520996000000 0.06319777007079600000
0.32516074789570700000 0.06341494019561610000
0.31998945573711300000 0.06361325224499860000
0.31481738187863300000 0.06379244130953840000
0.30964478688689800000 0.06395406992044900000
0.30447175761744800000 0.06410141253169140000
0.29929812035920000000 0.06422802446199500000
0.29412413567878000000 0.06433452672849050000
0.28894971672064700000 0.06442461590307620000
0.28377512405142900000 0.06449566199991840000
0.27860018396003900000 0.06454751215326180000
0.27342515701310700000 0.06458066578247720000
0.26825004321063200000 0.06459454356109460000
0.26307492940815800000 0.06458889013381830000
0.25789981560568300000 0.06456356392611370000
0.25272487551429300000 0.06451787530497150000
0.24755019598953200000 0.06445309236131560000
0.24237577703139900000 0.06436590416185700000
0.23720179235098000000 0.06425831620107750000
0.23202824194827400000 0.06413042749429580000
0.22685529953436700000 0.06397971401944000000
0.22168322567588800000 0.06380060573055500000
0.21651219408392100000 0.06359485102971590000
0.21134142305858300000 0.06338248749063050000
0.20617126002204400000 0.06315504322366080000
0.20100118384104700000 0.06292633347143360000
0.19583110766005100000 0.06269791989660720000
0.19066120519014000000 0.06246473968959570000
0.18549173699794200000 0.06222219298085620000
0.18032296365008700000 0.06196604643123600000
0.17515505885765800000 0.06169177747262530000
0.16998837004282800000 0.06139645907323400000
0.16482324462776800000 0.06107525164222120000
0.15965994317910400000 0.06072477389330840000
0.15449907368563700000 0.06034111124718480000
0.14934107042508000000 0.05992046898518850000
0.14418662824177500000 0.05945848695907450000
0.13903644198006300000 0.05895083889425950000
0.13389146705091600000 0.05839277205544510000
0.12875274572084400000 0.05777992282016470000
0.12362149396744800000 0.05710783202485460000
0.11849892776832500000 0.05637248954910680000
0.11338634995661600000 0.05557019534680120000
0.10828532393208900000 0.05469756639454830000
0.10319758680560100000 0.05375103640376360000
0.09812470197691900000 0.05272733873748520000
0.09306901454569780000 0.05162243982430860000
0.08803286961159060000 0.05043129248864580000
0.08301904655196510000 0.04914947230915010000
0.07803067216635960000 0.04777183830624740000
0.07307087325431200000 0.04629504567298710000
0.06814277661536100000 0.04471532922159190000
0.06324942219350200000 0.04303133834837240000
0.05839437106598660000 0.04123968481860650000
0.05358283456537920000 0.03933463877214060000
0.04882401937920870000 0.03730141392138010000
0.04413060641671370000 0.03512159775982180000
0.03952066163078230000 0.03277065533375550000
0.03500921103030640000 0.03023583364384190000
0.03060181337002110000 0.02752410284738530000
0.02629360473953320000 0.02465721504650680000
0.02208562740535560000 0.02164520900483520000
0.01799716329797450000 0.01847323068745290000
0.01412392722547770000 0.01504306645230720000
0.01056215512921060000 0.01129111893390030000
0.00732652559589405000 0.00725385538725847000
0.00439185051813667000 0.00299252668853689000
0.00179686746799591000 -0.00148323123464285000
0.00000000000000000000 -0.00630835194213336000
0.00256050139967695000 -0.01059227663142940000
0.00650643556143854000 -0.01377724332667150000
0.01080074730508950000 -0.01648130825292680000
0.01526329823500860000 -0.01889902782591020000
0.01989643345084890000 -0.02097039355114970000
0.02459662114567670000 -0.02288776439912900000
0.02929394260759450000 -0.02481240505603490000
0.03401375965507930000 -0.02668075463569750000
0.03877995756238180000 -0.02842733274445280000
0.04359766080652320000 -0.03002621300279590000
0.04846044207734140000 -0.03148237223332530000
0.05335032227749120000 -0.03284514438431150000
0.05825887641932800000 -0.03413891849215300000
0.06318341198102730000 -0.03537093830911370000
0.06812036788533670000 -0.03655195655138330000
0.07307026526551310000 -0.03767730039076310000
0.07803371211035520000 -0.03874149792806100000
0.08300983986443590000 -0.03974513109541340000
0.08799725883907140000 -0.04069058842024530000
0.09299414506786450000 -0.04158447960935850000
0.09799945628430260000 -0.04243029625557070000
0.10301171594415900000 -0.04323405744799310000
0.10802988178092100000 -0.04399986276824250000
0.11305325895024600000 -0.04473055239256620000
0.11808158688550800000 -0.04542656928423220000
0.12311451816453400000 -0.04608857354536510000
0.12815179222069600000 -0.04671690391258160000
0.13319297477628200000 -0.04731248105463470000
0.13823771840911900000 -0.04787789326669780000
0.14328558884149500000 -0.04841393093420950000
0.14833623865123800000 -0.04892300864125790000
0.15338914670509200000 -0.04941012058155000000
0.15844405243642800000 -0.04987486721958910000
0.16350060842307700000 -0.05032192138357410000
0.16855864095395200000 -0.05075271618996000000
0.17361762889579700000 -0.05117061294825060000
0.17867757224861200000 -0.05157730534152900000
0.18373821044576900000 -0.05197580725712800000
0.18879928292063900000 -0.05236861144912390000
0.19386052910659500000 -0.05275883603150080000
0.19892186214809400000 -0.05314888690279210000
0.20398276091187900000 -0.05354383642669350000
0.20904331225349300000 -0.05394240782672670000
0.21410455843944900000 -0.05433343148009660000
0.21916649946974700000 -0.05471416275165310000
0.22422922219992900000 -0.05508479272359010000
0.22929272662999600000 -0.05544550379254730000
0.23435683904886200000 -0.05579626121630770000
0.23942164631207000000 -0.05613718659263100000
0.24448714841962000000 -0.05646845363260280000
0.24955325851596900000 -0.05678976702737770000
0.25461988974557400000 -0.05710184767796050000
0.25968721581952100000 -0.05740457398659120000
0.26475497617118200000 -0.05769798069548710000
0.26982325765609900000 -0.05798249339680740000
0.27489206027427200000 -0.05825819894609480000
0.27996129717016000000 -0.05852513208556660000
0.28503105519930300000 -0.05878342309853670000
0.29010116065061700000 -0.05903326306719930000
0.29517170037964500000 -0.05927489518707380000
0.30024258753084500000 -0.05950900561694800000
0.30531390895975700000 -0.05973329268493930000
0.31038549095529800000 -0.05995106558722600000
0.31545742037301000000 -0.06016189873164850000
0.32052961035735000000 -0.06036505384609370000
0.32560214776386100000 -0.06056044407501890000
0.33067494573700000000 -0.06074841684059490000
0.33574800427676700000 -0.06092946721941530000
0.34082132338316200000 -0.06110402080363960000
0.34589481620064300000 -0.06127215576325610000
0.35096848272920900000 -0.06143340307833410000
0.35604249667994700000 -0.06158645123017850000
0.36111668434176900000 -0.06173217745977070000
0.36619104571467800000 -0.06187266630013630000
0.37126549394312900000 -0.06200774404018980000
0.37634011588266500000 -0.06213709799997740000
0.38141491153328700000 -0.06226028521623120000
0.38648988089499400000 -0.06237672375681490000
0.39156502396778700000 -0.06248568403516950000
0.39664025389612300000 -0.06258633223808490000
0.40171574439108600000 -0.06267838174227010000
0.40679123488605000000 -0.06276529808387990000
0.41186689909209900000 -0.06284731577287970000
0.41694256329814800000 -0.06292399184600160000
0.42201840121528300000 -0.06299488333997780000
0.42709423913241800000 -0.06305957334820300000
0.43217016390509500000 -0.06311761022185510000
0.43724626238885800000 -0.06316879419318580000
0.44232227401707800000 -0.06321381142098270000
0.44739845935638300000 -0.06325282693077700000
0.45247464469568900000 -0.06328594494921990000
0.45755083003499400000 -0.06331321758963710000
0.46262710222984200000 -0.06333471433646270000
0.46770337442469100000 -0.06335047861746820000
0.47277964661953900000 -0.06336055386042490000
0.47785591881438700000 -0.06336497480754980000
0.48293219100923500000 -0.06336379357216870000
0.48800846320408400000 -0.06335706226760710000
0.49308473539893200000 -0.06334484169274500000
0.49816100759378000000 -0.06332721001757090000
0.50323719293308500000 -0.06330428883984450000
0.50831337827239100000 -0.06327619107177130000
0.51338956361169600000 -0.06324308173888270000
0.51846574895100200000 -0.06320516929448110000
0.52354184743476500000 -0.06316267956297760000
0.52861794591852800000 -0.06311590785321760000
0.53369395754674800000 -0.06306516684515480000
0.53876996917496800000 -0.06301085607428580000
0.54384589394764500000 -0.06295341850387850000
0.54892181872032300000 -0.06289319287054960000
0.55399765663745700000 -0.06282715660141210000
0.55907340769904900000 -0.06275516204204330000
0.56414915876064100000 -0.06267841648448720000
0.56922482296669000000 -0.06259761477308550000
0.57430040031719600000 -0.06251308695890080000
0.57937589081216000000 -0.06242488515525860000
0.58445129445158100000 -0.06233286170773630000
0.58952669809100200000 -0.06223674736415140000
0.59460201487488000000 -0.06213626418676720000
0.59967715794767300000 -0.06203123846449820000
0.60475230102046600000 -0.06192162676957310000
0.60982727038217300000 -0.06180765492640300000
0.61490223974388000000 -0.06168991355267830000
0.61997703539450200000 -0.06156942754380340000
0.62505183104512400000 -0.06144576262206460000
0.63012645298466100000 -0.06131636523450560000
0.63520098806865400000 -0.06118201708101100000
0.64027534944156200000 -0.06104308295486030000
0.64534962395892800000 -0.06089932834608810000
0.65042372476520800000 -0.06075046663140330000
0.65549756500486000000 -0.06059364026345020000
0.66057123153342600000 -0.06043056029642060000
0.66564472435090700000 -0.06026249482123830000
0.67071804345730200000 -0.06008742878931190000
0.67579101514152700000 -0.05990426782080310000
0.68086363940358000000 -0.05971281214796360000
0.68593600309900600000 -0.05951378267179810000
0.69100819308334500000 -0.05930880359095560000
0.69607994878997200000 -0.05909478284811480000
0.70115127021888500000 -0.05887121668112810000
0.70622233108116900000 -0.05863985957195850000
0.71129304452128300000 -0.05840154533381620000
0.71636323682814000000 -0.05815424154700140000
0.72143316856836900000 -0.05789928578687210000
0.72650257917534100000 -0.05763617429128050000
0.73157164236014300000 -0.05736509814242050000
0.73664027126723100000 -0.05708595311364090000
0.74170837904106300000 -0.05679866972050750000
0.74677605253718100000 -0.05650288316974090000
0.75184320490004200000 -0.05619860214689530000
0.75690992298519000000 -0.05588722502620870000
0.76197611993708200000 -0.05556686704240370000
0.76704179575571700000 -0.05523903948192410000
0.77210695044109600000 -0.05490342966481580000
0.77717158399321800000 -0.05456021130216440000
0.78223578326762700000 -0.05420934965175270000
0.78729937455323700000 -0.05385123556352310000
0.79236253156113300000 -0.05348578218193280000
0.79742508058023000000 -0.05311320664583870000
0.80248719532161300000 -0.05273406483071420000
0.80754913635191100000 -0.05235295139476970000
0.81261107738220900000 -0.05197070883676980000
0.81767293155696400000 -0.05158821439769590000
0.82273478573171900000 -0.05120573732973060000
0.82779663990647400000 -0.05082367716837030000
0.83285858093677200000 -0.05044234659356900000
0.83792060882261200000 -0.05006198011529200000
0.84298272356399500000 -0.04968290778460170000
0.84804492516092100000 -0.04930531199813780000
0.85310730046893300000 -0.04892932303921440000
0.85816976263248700000 -0.04855525358778530000
0.86323239850712700000 -0.04818318181383900000
0.86829512123730900000 -0.04781306428960420000
0.87335810453412000000 -0.04744603882269050000
0.87842134839755900000 -0.04708178404758990000
0.88348467911654000000 -0.04671952694997210000
0.88854818354660700000 -0.04635984946197330000
0.89361194854330200000 -0.04600323797463300000
0.89867597410662500000 -0.04565001385345910000
0.90374017338103500000 -0.04530035080953710000
0.90880463322207100000 -0.04495426621397560000
0.91386935362973700000 -0.04461161241235190000
0.91893424774848700000 -0.04427204198249510000
0.92399931557832300000 -0.04393504247670320000
0.92906464397478700000 -0.04360085709049570000
0.93413014608233700000 -0.04327084077033920000
0.93919582190097300000 -0.04294330851870480000
0.94426167143069300000 -0.04261764366123910000
0.94932760781595700000 -0.04229393305348480000
0.95439363105676300000 -0.04197104757338640000
0.95945965429756900000 -0.04164796232553980000
0.96452550382728900000 -0.04132357424455220000
0.96959126650146800000 -0.04099602462180930000
0.97465676860901700000 -0.04066536557063660000
0.97972235757211000000 -0.04033659128474110000
0.98478890194617200000 -0.04002169651457390000
0.98985709657554600000 -0.03973629788671780000
0.99492841800445900000 -0.03951210635982340000
1.00000000000000000000 -0.03929402077758290000