Airfoil 1680
1.00000000000000000000 -0.03642586124850580000
0.99498050815614000000 -0.03527858887192910000
0.98996034889766500000 -0.03413405289527800000
0.98494899951212000000 -0.03295214170013190000
0.97994846224335400000 -0.03172519336669960000
0.97495446563782500000 -0.03047158849350500000
0.96996193734445100000 -0.02921217711315150000
0.96496673939261300000 -0.02796375137737690000
0.95996620212384700000 -0.02673628246054410000
0.95496005857230700000 -0.02553241332453230000
0.94994857570383900000 -0.02435095597132520000
0.94493242093305900000 -0.02318929413562800000
0.93991239515750700000 -0.02204439775508420000
0.93488916579179700000 -0.02091361051952220000
0.92986340025054800000 -0.01979430281535510000
0.92483563246544900000 -0.01868397851191900000
0.91980626288527400000 -0.01758083558975090000
0.91477569195878900000 -0.01648331229864930000
0.90974418665184100000 -0.01539022064059790000
0.90471174696443100000 -0.01430105338048840000
0.89967863986240600000 -0.01321516579580180000
0.89464486534576400000 -0.01213258191346440000
0.88961042341450700000 -0.01105267169407850000
0.88457544755155600000 -0.00997549787461815000
0.87953980427399000000 -0.00890132742092972000
0.87450362706473100000 -0.00783012829711163000
0.86946664895793200000 -0.00676252520324443000
0.86442886995359400000 -0.00569836863845416000
0.85939029005171800000 -0.00463817651648280000
0.85435077576937900000 -0.00358224249976140000
0.84931046058950100000 -0.00253058928038689000
0.84426907754623700000 -0.00148378816527055000
0.83922662663958800000 -0.00044193432773661700
0.83418324135247600000 0.00059483138103434600
0.82913865471905500000 0.00162617172978518000
0.82409300022224900000 0.00265184837140822000
0.81904601089621100000 0.00367128068188416000
0.81399782022386400000 0.00468514608704822000
0.80894829472228500000 0.00569135718094745000
0.80389690045978200000 0.00668929446933530000
0.79884483878266300000 0.00768293894691317000
0.79379210969092700000 0.00867360488654285000
0.78873924711626800000 0.00966335446590479000
0.78368611757576300000 0.01065185771521280000
0.77863272106941200000 0.01163880255139260000
0.77357892411429100000 0.01262387635743790000
0.76852459322747700000 0.01360676731724020000
0.76346999537481700000 0.01458722074538200000
0.75841473010754000000 0.01556501118920600000
0.75335893090857200000 0.01653989570979210000
0.74830259777791000000 0.01751172747592470000
0.74324559723263200000 0.01847990314479090000
0.73818792927273800000 0.01944494329979130000
0.73312946041530500000 0.02040596161431580000
0.72807032414325700000 0.02136320903626000000
0.72301038697366900000 0.02231608088798180000
0.71794951542361800000 0.02326453178528740000
0.71288784297602900000 0.02420816928838250000
0.70782523614797700000 0.02514709617911810000
0.70276169493946200000 0.02608052624307640000
0.69769708586756200000 0.02700849552064680000
0.69263140893227700000 0.02793068231798430000
0.68756466413360600000 0.02884673290534260000
0.68249671798862600000 0.02975639233033820000
0.67742757049733800000 0.03065925880937240000
0.67235722165974000000 0.03155498261718630000
0.66728553799291100000 0.03244323004647210000
0.66221238601392700000 0.03332364603265390000
0.65713789920571000000 0.03419581944832840000
0.65206194408533900000 0.03505921502697360000
0.64698438716988800000 0.03591371530361690000
0.64190536194228300000 0.03675870892647030000
0.63682460143667700000 0.03759395028695490000
0.63174210565306900000 0.03841871457279790000
0.62665814155730500000 0.03923318332077480000
0.62157204173477100000 0.04003518876821290000
0.61648434011715800000 0.04082721770197130000
0.61139476973862000000 0.04160646030651680000
0.60630333059915800000 0.04237334639686210000
0.60121002269877200000 0.04312766773964690000
0.59611484603745900000 0.04386956716159910000
0.59101780061522300000 0.04459937570036820000
0.58591928688083100000 0.04531739903184830000
0.58081903786843800000 0.04602369989301340000
0.57571718706096600000 0.04671788050475230000
0.57061346749257000000 0.04739888902163020000
0.56550801264617200000 0.04806661465282090000
0.56040095600469600000 0.04872109210388440000
0.55529203060229500000 0.04936165796469240000
0.55018136992189200000 0.04998816139954170000
0.54506897396348800000 0.05060089874052190000
0.53995497621000600000 0.05119893026785350000
0.53483910969559900000 0.05178190492144860000
0.52972164138611300000 0.05234991880901190000
0.52460257128155000000 0.05290327226712070000
0.51948203286483100000 0.05344221757849960000
0.51435989265303300000 0.05396671736793030000
0.50923615064615800000 0.05447619498918450000
0.50411094032712700000 0.05496929025127490000
0.49898399473009400000 0.05544361114021780000
0.49385518037213700000 0.05589908691006390000
0.48872543163371800000 0.05634187245840170000
0.48359434806606600000 0.05677080114448260000
0.47846206315210600000 0.05718443402239440000
0.47332857689183700000 0.05758155639753620000
0.46819362231941300000 0.05796123789393310000
0.46305746640068000000 0.05832289519121090000
0.45791997565271500000 0.05866634942225250000
0.45278141704136400000 0.05899189157983040000
0.44764179056662900000 0.05930034258392240000
0.44250122971143000000 0.05959294249088480000
0.43735946750992300000 0.05986588303291890000
0.43221690441087700000 0.06011923228631550000
0.42707327344844500000 0.06035465211346850000
0.42192897507139700000 0.06057199968764990000
0.41678387579681000000 0.06076989879992180000
0.41163810910760700000 0.06094702930417350000
0.40649154152086400000 0.06110565240112420000
0.40134457348535300000 0.06124557320570580000
0.39619720500107100000 0.06137119665438400000
0.39104956955094400000 0.06148791011793880000
0.38590180061789300000 0.06159452426352460000
0.38075376471899500000 0.06169041038657320000
0.37560559533717400000 0.06177444723052970000
0.37045715898950800000 0.06184583523268410000
0.36530858915891800000 0.06190367471813410000
0.36015988584540500000 0.06194705800300200000
0.35501104904896800000 0.06197515482350550000
0.34986221225253100000 0.06198710154513160000
0.34471324197317200000 0.06198236957550430000
0.33956440517673500000 0.06196005790489210000
0.33441570186322200000 0.06191953782872670000
0.32926713203263100000 0.06185994971698280000
0.32411882916788800000 0.06178094250957240000
0.31897079326899000000 0.06168139494994060000
0.31382329130178600000 0.06156187300568170000
0.30867632326627400000 0.06142126476404560000
0.30353002264537800000 0.06125792438058920000
0.29838438943909900000 0.06107290103108880000
0.29323969061328100000 0.06086491461431110000
0.28809592616792600000 0.06063456580341030000
0.28295336306887900000 0.06037963077288610000
0.27781213479906500000 0.06009985857484290000
0.27267224135848200000 0.05979444030276590000
0.26753408319590200000 0.05946271254652710000
0.26239766031132300000 0.05910366884488550000
0.25726337315351400000 0.05871643354986490000
0.25213135520540000000 0.05830008963378290000
0.24700187343282700000 0.05785367334993410000
0.24187506131871800000 0.05737617690224840000
0.23675145279476600000 0.05686654711046180000
0.23163131482681600000 0.05632371611118860000
0.22651478089779300000 0.05574654262543560000
0.22140238493938900000 0.05513444733731600000
0.21629466088329700000 0.05448516504162330000
0.21119120828074700000 0.05380241590742690000
0.20609429634143300000 0.05307313062171670000
0.20100112192397000000 0.05231710203234420000
0.19591355378928000000 0.05152509312102430000
0.19082838834720800000 0.05071711965209010000
0.18574762784160200000 0.04988201043969940000
0.18067073834076700000 0.04902386607925280000
0.17559825377639900000 0.04814048677217600000
0.17053057459726600000 0.04722920953415130000
0.16546810125213700000 0.04629020522332030000
0.16041123418978200000 0.04532114189301480000
0.15535997341020200000 0.04432309141110800000
0.15031485284508900000 0.04329451071500790000
0.14527560552859600000 0.04223716578378840000
0.14024209797780100000 0.04115344062245760000
0.13521419670977900000 0.04004372366632200000
0.13019096734407000000 0.03891323943699570000
0.12517294381236600000 0.03775924085591920000
0.12016079352928200000 0.03658054793405140000
0.11515491694358800000 0.03537531860705230000
0.11015958550882700000 0.03412757630384450000
0.10517453225915200000 0.03283898555648030000
0.10020429561395200000 0.03149463765726790000
0.09525247961215210000 0.03008376320396390000
0.09032148694637170000 0.02860169696840260000
0.08540958233860750000 0.02705781746076770000
0.08051422961332020000 0.02546186893445250000
0.07563556225343230000 0.02381586297710970000
0.07077398070771330000 0.02211977556181290000
0.06592401217631230000 0.02039115702330410000
0.06108632407384580000 0.01862821201626620000
0.05626211774662140000 0.01682865531305420000
0.05145406285310430000 0.01498651088319640000
0.04667070230037850000 0.01308118765096080000
0.04192338213691520000 0.01108777743591320000
0.03722077875272240000 0.00899110629979330000
0.03257183550365500000 0.00677828993692264000
0.02797588497509600000 0.00445721398447193000
0.02343252671827580000 0.00203483276925675000
0.01894162725027210000 -0.00048362464868963100
0.01452521125341180000 -0.00312979545744264000
0.01026924173023280000 -0.00602587566466153000
0.00628277422898646000 -0.00928127054385615000
0.00271210603349514000 -0.01298494245884890000
0.00000000000000000000 -0.01733972538558210000
0.00314712688019043000 -0.02114939475505550000
0.00754605661411248000 -0.02363400584254750000
0.01209835822678670000 -0.02583297682269260000
0.01672340803260230000 -0.02787363705592730000
0.02145297496728060000 -0.02965788994199500000
0.02627437815311700000 -0.03117781994355010000
0.03115224461546600000 -0.03250586824301100000
0.03606041170138040000 -0.03371802666855320000
0.04098593156731030000 -0.03485771721509240000
0.04592373186217410000 -0.03594333382944490000
0.05087608179566590000 -0.03696019339005910000
0.05583964429470640000 -0.03792069646050010000
0.06081522025683460000 -0.03881671393074500000
0.06580254271620410000 -0.03964529582819140000
0.07079934246312090000 -0.04041443777993870000
0.07580308332204330000 -0.04113714102270610000
0.08081162956620080000 -0.04182543236787360000
0.08582431378097720000 -0.04248423733530710000
0.09084100248345040000 -0.04311095300800430000
0.09586102825900220000 -0.04371030468144630000
0.10088385717594200000 -0.04428504210385100000
0.10590962271719200000 -0.04483503179229520000
0.11093752398521300000 -0.04536337055059700000
0.11596796142877500000 -0.04586788260710840000
0.12100093504787700000 -0.04634683268382770000
0.12603537697913500000 -0.04680976480976350000
0.13107142070547100000 -0.04725526406592990000
0.13610906622688500000 -0.04768282321721870000
0.14114791309460800000 -0.04809383048603130000
0.14618796130864000000 -0.04849147611423200000
0.15122894390313400000 -0.04887701484129880000
0.15627086087809100000 -0.04924921862433830000
0.16131371223351000000 -0.04961070372864520000
0.16635709752062200000 -0.04996263145565130000
0.17140115022234900000 -0.05030546899558770000
0.17644573685577000000 -0.05063964349380870000
0.18149085742088400000 -0.05096630290345380000
0.18653637843476600000 -0.05128768973763260000
0.19158229989741900000 -0.05160192188712820000
0.19662848832591800000 -0.05191093485432670000
0.20167521068610900000 -0.05221245942953400000
0.20672246697799300000 -0.05250425309964030000
0.21177052416741700000 -0.05278175074867230000
0.21681964922022700000 -0.05303947957677900000
0.22186957517057500000 -0.05328046964631700000
0.22692016853553900000 -0.05350944625276730000
0.23197116234927300000 -0.05372551506054450000
0.23702282357762300000 -0.05392670052238540000
0.24207501873766500000 -0.05411607274552350000
0.24712761434647800000 -0.05429349824703550000
0.25218061040406000000 -0.05445925734106020000
0.25723387342748800000 -0.05461413757684440000
0.26228753689968600000 -0.05475869958266560000
0.26734146733773000000 -0.05489321032437020000
0.27239553125869700000 -0.05501833721657400000
0.27744999562843500000 -0.05513442731487750000
0.28250445999817200000 -0.05524224147194290000
0.28755919133375500000 -0.05534173964289310000
0.29261405615226200000 -0.05543162704337330000
0.29766905445369100000 -0.05551584141961760000
0.30272418623804400000 -0.05559375540188700000
0.30777931802239700000 -0.05566492849653510000
0.31283471677259600000 -0.05572926726551550000
0.31788998203987300000 -0.05578694523662850000
0.32294551427299600000 -0.05583833616205890000
0.32800091302319500000 -0.05588401401837660000
0.33305644525631700000 -0.05592465956848970000
0.33811197748944000000 -0.05596104701335290000
0.34316764320548600000 -0.05599399059879770000
0.34822317543860900000 -0.05602425117748620000
0.35327884115465400000 -0.05605109459334090000
0.35833450687070000000 -0.05607342628639160000
0.36339017258674500000 -0.05609334193853240000
0.36844583830279200000 -0.05611186936827200000
0.37350150401883700000 -0.05612824772294820000
0.37855716973488300000 -0.05614346477619250000
0.38361283545092900000 -0.05615817459432870000
0.38866850116697400000 -0.05617253735686460000
0.39372416688302100000 -0.05618628609795380000
0.39877983259906600000 -0.05619943416588860000
0.40383549831511200000 -0.05621295598600830000
0.40889116403115800000 -0.05622335430572530000
0.41394696323012700000 -0.05622754566951360000
0.41900262894617200000 -0.05622786602852930000
0.42405829466221800000 -0.05622454230374170000
0.42911396037826400000 -0.05621713400150430000
0.43416962609431000000 -0.05620529406621690000
0.43922529181035600000 -0.05618878222861750000
0.44428095752640100000 -0.05616742496090620000
0.44933662324244700000 -0.05614115552162120000
0.45439215547557000000 -0.05610997391076260000
0.45944782119161500000 -0.05607422718393080000
0.46450335342473800000 -0.05603400877917180000
0.46955875217493800000 -0.05598886485454700000
0.47461428440806000000 -0.05593848839933280000
0.47966968315826000000 -0.05588263914426770000
0.48472494842553600000 -0.05582119695472060000
0.48978021369281200000 -0.05575406839264530000
0.49483534547716500000 -0.05568125345804200000
0.49989047726151800000 -0.05560273880261810000
0.50494547556294800000 -0.05551857781954310000
0.51000034038145400000 -0.05542881055369380000
0.51505520519996100000 -0.05533346370165500000
0.52010980305262100000 -0.05523252391513420000
0.52516440090528100000 -0.05512597784583920000
0.53021886527501900000 -0.05501375875230840000
0.53527319616183200000 -0.05489594672429570000
0.54032739356572300000 -0.05477248836863180000
0.54538145748669000000 -0.05464338368531670000
0.55043525444181100000 -0.05450860597776570000
0.55548905139693200000 -0.05436820863914830000
0.56054271486913000000 -0.05422220501775650000
0.56559611137548100000 -0.05407067520334450000
0.57064937439891000000 -0.05391371263395840000
0.57570237045649200000 -0.05375145079252150000
0.58075536651407400000 -0.05358406320683380000
0.58580809560580900000 -0.05341177679786480000
0.59086069121462100000 -0.05323481848658390000
0.59591315334051000000 -0.05305346858713000000
0.60096548198347600000 -0.05286763366145660000
0.60601754366059600000 -0.05267754063053330000
0.61106947185479200000 -0.05248337637045250000
0.61612126656606500000 -0.05228523431926040000
0.62117292779441500000 -0.05208308778037250000
0.62622445553984200000 -0.05187693675378870000
0.63127584980234500000 -0.05166676789121670000
0.63632697709900300000 -0.05145259454094890000
0.64137797091273600000 -0.05123457688249300000
0.64642883124354700000 -0.05101296853340310000
0.65147942460851200000 -0.05078822333561810000
0.65653001797347600000 -0.05055959378476810000
0.66158034437259400000 -0.05032666608379120000
0.66663040380586500000 -0.05008984068145700000
0.67168046323913700000 -0.04984945128507350000
0.67673025570656200000 -0.04960571146731770000
0.68177991469106400000 -0.04935872801452830000
0.68682944019264300000 -0.04910843418524360000
0.69187869872837500000 -0.04885448292386330000
0.69692782378118400000 -0.04859752829671120000
0.70197694883399400000 -0.04833826441498770000
0.70702580692095600000 -0.04807622408846180000
0.71207466500791900000 -0.04781187450736460000
0.71712325612903500000 -0.04754620344532770000
0.72217198073307500000 -0.04727877040870470000
0.72722043837126800000 -0.04700954870091080000
0.73226889600946100000 -0.04673911229851590000
0.73731735364765400000 -0.04646752794298140000
0.74236567780292500000 -0.04619474224113820000
0.74741386847527100000 -0.04592075519298630000
0.75246205914761800000 -0.04564596724729510000
0.75751038330288800000 -0.04537075215624980000
0.76255844049231200000 -0.04509527009935800000
0.76760663116465900000 -0.04481994822197410000
0.77265495531992900000 -0.04454517362457530000
0.77770314599227500000 -0.04427121327300790000
0.78275147014754500000 -0.04399845426774940000
0.78779992778573800000 -0.04372733710244610000
0.79284851890685500000 -0.04345819548440620000
0.79789711002797200000 -0.04319157669361460000
0.80294596811493400000 -0.04292886895247270000
0.80799495968482000000 -0.04266891095954870000
0.81304421822055300000 -0.04241375835185960000
0.81809374372213100000 -0.04216434550986800000
0.82314353618955600000 -0.04191925751458800000
0.82819359562282800000 -0.04167942874648190000
0.83324378853902300000 -0.04144459223970330000
0.83829424842106400000 -0.04121473464595990000
0.84334497526895200000 -0.04098980257208240000
0.84839583559976200000 -0.04076975597319390000
0.85344696289641900000 -0.04055474168050990000
0.85849835715892300000 -0.04034475969403040000
0.86354988490435000000 -0.04014066430446390000
0.86860167961562300000 -0.03994124081720910000
0.87365360780981900000 -0.03974914554243790000
0.87870593645278500000 -0.03956209592216340000
0.88375839857867400000 -0.03938117316806370000
0.88881112767040900000 -0.03920736505377020000
0.89386399024506800000 -0.03904096524171420000
0.89891725326849600000 -0.03888168006946450000
0.90397064977484800000 -0.03872865524631270000
0.90902404628119900000 -0.03858060933619610000
0.91407770975339700000 -0.03843607402695950000
0.91913150670851800000 -0.03829607713711160000
0.92418530366363900000 -0.03815905691645100000
0.92923923410168300000 -0.03802345161477630000
0.93429316453972700000 -0.03788886078331780000
0.93934709497777200000 -0.03775559143279900000
0.94440102541581600000 -0.03762432432612810000
0.94945508933678400000 -0.03749574022621350000
0.95450928674067400000 -0.03737145427642580000
0.95956348414456500000 -0.03725037191679470000
0.96461781503137900000 -0.03712906263619430000
0.96967201243526900000 -0.03700640517806950000
0.97472594287331300000 -0.03687524485773720000
0.97977973982843400000 -0.03673662284199830000
0.98483420419817100000 -0.03662329584020490000
0.98988933598252400000 -0.03655349761966580000
0.99494473473272400000 -0.03649162828476440000
1.00000000000000000000 -0.03642586124850580000