Airfoil 2800,502.278000,3386.687100,-2800.0,19.335670,0.0
Airfoil 2660,532.716400,3261.489800,-2660.0,18.542240,0.0
Airfoil 2520,564.075100,3136.337300,-2520.0,17.749090,0.0
Airfoil 2380,594.722200,3011.184700,-2380.0,16.955950,0.0
Airfoil 2240,625.992200,2886.032200,-2240.0,16.162800,0.0
Airfoil 2100,656.788300,2760.879700,-2100.0,15.369660,0.0
Airfoil 1960,687.748600,2635.727100,-1960.0,14.576510,0.0
Airfoil 1820,718.688100,2510.574600,-1820.0,13.783360,0.0
Airfoil 1680,749.159500,2385.422100,-1680.0,12.990220,0.0
Airfoil 1540,779.856700,2260.269600,-1540.0,12.197070,0.0
Airfoil 1400,810.522100,2135.117100,-1400.0,11.403920,0.0
Airfoil 1260,841.147700,2009.964700,-1260.0,10.610780,0.0
Airfoil 1120,873.083600,1884.740800,-1120.0,9.816055,0.0
Airfoil 980,1038.270500,1724.117300,-980.0,8.245670,0.0
Airfoil 840,1272.466300,1542.809900,-840.0,6.239567,0.0
Airfoil 700,1529.270500,1355.203300,-700.0,4.126641,0.0
Airfoil 560,1797.669300,1162.354500,-560.0,1.974034,0.0
Airfoil 420,2138.821290,886.659210,-420.0,0.589793,0.0
Airfoil 280,2573.271970,512.389930,-280.0,0.215624,0.0
Airfoil 140,2990.621290,148.287610,-140.0,0.038486,0.0
Airfoil 0,3170.882400,0.000000,0.0,0.000000,0.0
Airfoil 140,2990.621290,148.287610,140.0,0.038486,0.0
Airfoil 280,2573.271970,512.389930,280.0,0.215624,0.0
Airfoil 420,2138.821290,886.659210,420.0,0.589793,0.0
Airfoil 560,1797.669300,1162.354500,560.0,1.974034,0.0
Airfoil 700,1529.270500,1355.203300,700.0,4.126641,0.0
Airfoil 840,1272.466300,1542.809900,840.0,6.239567,0.0
Airfoil 980,1038.270500,1724.117300,980.0,8.245670,0.0
Airfoil 1120,873.083600,1884.740800,1120.0,9.816055,0.0
Airfoil 1260,841.147700,2009.964700,1260.0,10.610780,0.0
Airfoil 1400,810.522100,2135.117100,1400.0,11.403920,0.0
Airfoil 1540,779.856700,2260.269600,1540.0,12.197070,0.0
Airfoil 1680,749.159500,2385.422100,1680.0,12.990220,0.0
Airfoil 1820,718.688100,2510.574600,1820.0,13.783360,0.0
Airfoil 1960,687.748600,2635.727100,1960.0,14.576510,0.0
Airfoil 2100,656.788300,2760.879700,2100.0,15.369660,0.0
Airfoil 2240,625.992200,2886.032200,2240.0,16.162800,0.0
Airfoil 2380,594.722200,3011.184700,2380.0,16.955950,0.0
Airfoil 2520,564.075100,3136.337300,2520.0,17.749090,0.0
Airfoil 2660,532.716400,3261.489800,2660.0,18.542240,0.0
Airfoil 2800,502.278000,3386.687100,2800.0,19.335670,0.0