Airfoil 12
1.000000000 0.000000000
0.991955330 0.001368010
0.983855500 0.002277200
0.975711770 0.002739190
0.967563060 0.003137440
0.959427920 0.003725040
0.951309950 0.004521030
0.943206130 0.005461650
0.935113810 0.006490950
0.927028710 0.007574890
0.918951060 0.008713370
0.910881700 0.009908430
0.902820540 0.011157640
0.894766560 0.012452940
0.886718980 0.013787230
0.878676910 0.015154120
0.870639700 0.016549560
0.862606830 0.017969770
0.854577750 0.019411100
0.846551950 0.020870680
0.838528990 0.022345790
0.830508400 0.023833720
0.822489820 0.025332470
0.814473000 0.026840550
0.806457640 0.028356410
0.798443360 0.029877960
0.790429720 0.031402900
0.782416290 0.032928930
0.774402670 0.034453930
0.766388470 0.035975940
0.758373360 0.037493090
0.750357070 0.039004020
0.742339410 0.040507680
0.734320200 0.042003020
0.726299240 0.043488970
0.718276400 0.044964710
0.710251530 0.046429380
0.702224560 0.047882470
0.694195360 0.049323260
0.686163810 0.050750860
0.678129780 0.052164330
0.670093000 0.053562240
0.662053310 0.054943310
0.654010560 0.056306390
0.645964620 0.057650370
0.637915470 0.058975070
0.629863360 0.060281770
0.621808570 0.061571880
0.613751380 0.062846780
0.605692080 0.064108250
0.597630600 0.065355910
0.589566650 0.066587490
0.581499950 0.067800750
0.573430200 0.068993350
0.565356580 0.070159740
0.557278330 0.071294090
0.549195070 0.072391830
0.541106420 0.073448390
0.533012100 0.074460330
0.524912000 0.075426430
0.516806270 0.076344310
0.508695100 0.077211550
0.500578600 0.078025680
0.492456590 0.078784900
0.484329510 0.079489480
0.476197950 0.080139880
0.468062480 0.080736570
0.459923410 0.081280760
0.451780920 0.081774720
0.443635520 0.082220030
0.435487710 0.082618290
0.427338000 0.082971110
0.419186610 0.083280490
0.411033540 0.083547940
0.402879120 0.083773770
0.394723670 0.083958310
0.386567510 0.084101870
0.378410930 0.084204560
0.370253750 0.084264960
0.362096230 0.084282300
0.353938710 0.084256060
0.345781550 0.084185740
0.337625090 0.084070810
0.329469370 0.083911060
0.321314430 0.083705990
0.313160720 0.083454760
0.305008660 0.083156520
0.296858670 0.082810430
0.288711070 0.082415270
0.280565830 0.081968800
0.272423500 0.081469550
0.264284720 0.080916100
0.256150120 0.080307050
0.248020280 0.079641100
0.239895050 0.078917310
0.231775100 0.078133680
0.223661390 0.077288050
0.215554860 0.076378240
0.207456490 0.075402090
0.199366440 0.074357600
0.191285310 0.073242550
0.183214460 0.072054620
0.175155290 0.070791500
0.167109170 0.069450870
0.159077190 0.068029520
0.151059780 0.066523530
0.143058820 0.064930700
0.135076290 0.063248890
0.127114150 0.061475950
0.119174290 0.059609860
0.111256640 0.057644840
0.103366050 0.055570480
0.095508450 0.053376250
0.087689790 0.051051590
0.079916350 0.048586150
0.072190620 0.045970910
0.064517660 0.043194860
0.056908880 0.040247170
0.049375680 0.037116980
0.041929460 0.033793460
0.034534850 0.030330920
0.027185780 0.026651930
0.020143910 0.022502640
0.013680000 0.017629560
0.008334810 0.011469070
0.003729780 0.004570640
0.000794100 -0.000279700
0.008498580 -0.002937800
0.016242510 -0.005502900
0.024024430 -0.007966800
0.031842910 -0.010321000
0.039696480 -0.012557400
0.047583700 -0.014667600
0.055503130 -0.016643300
0.063453320 -0.018476100
0.071432810 -0.020157700
0.079440170 -0.021679800
0.087473930 -0.023034100
0.095533850 -0.024210700
0.103616990 -0.025192600
0.111718620 -0.025990200
0.119836580 -0.026619800
0.127968680 -0.027097500
0.136112750 -0.027439600
0.144266620 -0.027662300
0.152428120 -0.027781900
0.160595070 -0.027814600
0.168765300 -0.027776500
0.176936640 -0.027684100
0.185106910 -0.027553300
0.193273950 -0.027400600
0.201435560 -0.027242200
0.209589600 -0.027094200
0.217743750 -0.026971700
0.225900370 -0.026878700
0.234057280 -0.026812700
0.242214410 -0.026771100
0.250371740 -0.026751300
0.258529200 -0.026750600
0.266686750 -0.026766400
0.274844350 -0.026796000
0.283001930 -0.026836900
0.291159470 -0.026886400
0.299316890 -0.026941900
0.307474170 -0.027000800
0.315631290 -0.027058900
0.323788640 -0.027086800
0.331946110 -0.027076500
0.340103470 -0.027031700
0.348260530 -0.026957900
0.356417750 -0.026904200
0.364575150 -0.026876200
0.372732600 -0.026854400
0.380889960 -0.026820700
0.389047240 -0.026770800
0.397204450 -0.026709000
0.405361600 -0.026639200
0.413518710 -0.026565800
0.421675780 -0.026488900
0.429832800 -0.026406600
0.437989750 -0.026316900
0.446146610 -0.026219800
0.454303400 -0.026116600
0.462460120 -0.026008500
0.470616780 -0.025895900
0.478773370 -0.025778100
0.486929880 -0.025654700
0.495086290 -0.025525100
0.503242600 -0.025389300
0.511398790 -0.025247000
0.519554870 -0.025097800
0.527710810 -0.024941500
0.535866600 -0.024777700
0.544022230 -0.024605900
0.552177680 -0.024425500
0.560332920 -0.024236300
0.568487940 -0.024037600
0.576642710 -0.023828600
0.584797180 -0.023608500
0.592951300 -0.023376300
0.601105030 -0.023130600
0.609258330 -0.022870700
0.617411180 -0.022596600
0.625563520 -0.022308400
0.633715360 -0.022006600
0.641866800 -0.021693800
0.650017880 -0.021371600
0.658168640 -0.021041700
0.666319160 -0.020705600
0.674469450 -0.020364200
0.682619500 -0.020017000
0.690769290 -0.019663900
0.698918820 -0.019304800
0.707068080 -0.018939700
0.715217140 -0.018569900
0.723366030 -0.018196500
0.731514820 -0.017821100
0.739663590 -0.017445100
0.747812400 -0.017070000
0.755961220 -0.016695000
0.764109890 -0.016316900
0.772258270 -0.015932600
0.780406280 -0.015540400
0.788553850 -0.015139300
0.796700980 -0.014729400
0.804847710 -0.014311600
0.812994060 -0.013886400
0.821139980 -0.013453000
0.829285410 -0.013010500
0.837430300 -0.012558200
0.845574640 -0.012096000
0.853718400 -0.011623800
0.861861510 -0.011140500
0.870003880 -0.010645100
0.878145430 -0.010136200
0.886286040 -0.009612500
0.894425570 -0.009072200
0.902563810 -0.008513000
0.910700540 -0.007932000
0.918835460 -0.007326300
0.926968240 -0.006692500
0.935097880 -0.006019800
0.943222880 -0.005293400
0.951343540 -0.004519600
0.959459600 -0.003690600
0.967539690 -0.002584900
0.975584920 -0.001214900
0.983689260 -0.000363900
0.991841690 -0.000127600
1.000000000 0.000000000