Airfoil 16
1.00000000 0.00000000
0.99197923 0.00152687
0.98388911 0.00252431
0.97574187 0.00297315
0.96758647 0.00331742
0.95944416 0.00385118
0.95132009 0.00461887
0.94321106 0.00554638
0.93511404 0.00656624
0.92702359 0.00763667
0.91894004 0.00875818
0.91086450 0.00993518
0.90279709 0.01116677
0.89473673 0.01244433
0.88668246 0.01375961
0.87863330 0.01510548
0.87058875 0.01647889
0.86254845 0.01787700
0.85451202 0.01929703
0.84647903 0.02073649
0.83844903 0.02219254
0.83042151 0.02366216
0.82239593 0.02514235
0.81437192 0.02663108
0.80634915 0.02812640
0.79832725 0.02962644
0.79030587 0.03112923
0.78228463 0.03263278
0.77426320 0.03413529
0.76624125 0.03563506
0.75821849 0.03713046
0.75019461 0.03861983
0.74216929 0.04010145
0.73414223 0.04157359
0.72611311 0.04303449
0.71808176 0.04448304
0.71004805 0.04591850
0.70201193 0.04734032
0.69397338 0.04874838
0.68593234 0.05014221
0.67788878 0.05152131
0.66984260 0.05288508
0.66179362 0.05423228
0.65374166 0.05556153
0.64568650 0.05687108
0.63762768 0.05815820
0.62956503 0.05942099
0.62149837 0.06065769
0.61342774 0.06186842
0.60535342 0.06305439
0.59727566 0.06421658
0.58919465 0.06535578
0.58111032 0.06647150
0.57302266 0.06756273
0.56493163 0.06862851
0.55683725 0.06966852
0.54873956 0.07068273
0.54063865 0.07167083
0.53253446 0.07263116
0.52442614 0.07355663
0.51631357 0.07444404
0.50819675 0.07529082
0.50007580 0.07609737
0.49195082 0.07686343
0.48382200 0.07758728
0.47568951 0.07826719
0.46755344 0.07890145
0.45941371 0.07948960
0.45127068 0.08003204
0.44312478 0.08052914
0.43497641 0.08098130
0.42682593 0.08138932
0.41867335 0.08175649
0.41051888 0.08208338
0.40236281 0.08236987
0.39420544 0.08261586
0.38604707 0.08282127
0.37788799 0.08298598
0.36972826 0.08310926
0.36156769 0.08318973
0.35340665 0.08322656
0.34524551 0.08321891
0.33708463 0.08316594
0.32892440 0.08306683
0.32076515 0.08292064
0.31260669 0.08272520
0.30444931 0.08247856
0.29629360 0.08217909
0.28814018 0.08182515
0.27998963 0.08141511
0.27184257 0.08094725
0.26369904 0.08041802
0.25555944 0.07982558
0.24742464 0.07916910
0.23929547 0.07844774
0.23117277 0.07766064
0.22305712 0.07680756
0.21494799 0.07588926
0.20684646 0.07490330
0.19875382 0.07384697
0.19067137 0.07271753
0.18260043 0.07151225
0.17454170 0.07022890
0.16649516 0.06886656
0.15846215 0.06742449
0.15044407 0.06590195
0.14244229 0.06429820
0.13445839 0.06261235
0.12649361 0.06083577
0.11855072 0.05895753
0.11063460 0.05696904
0.10275016 0.05486177
0.09490227 0.05262714
0.08709437 0.05026114
0.07932196 0.04776999
0.07159323 0.04514136
0.06391864 0.04236113
0.05630865 0.03941518
0.04877371 0.03628941
0.04131058 0.03298685
0.03393893 0.02944623
0.02676086 0.02555447
0.01988011 0.02119874
0.01352106 0.01611472
0.00761217 0.01045848
0.00110252 0.00513532
0.00156855 -0.00130520
0.00822342 -0.00590880
0.01542904 -0.00971750
0.02299884 -0.01289430
0.03074624 -0.01560210
0.03853656 -0.01795880
0.04647452 -0.01975840
0.05453040 -0.02105750
0.06265579 -0.02198790
0.07080234 -0.02268130
0.07893796 -0.02328010
0.08707472 -0.02390970
0.09521105 -0.02454510
0.10334973 -0.02514560
0.11149350 -0.02566910
0.11964405 -0.02607100
0.12779981 -0.02636690
0.13595809 -0.02658950
0.14411689 -0.02677200
0.15227623 -0.02693460
0.16043599 -0.02707460
0.16859612 -0.02718780
0.17675660 -0.02727040
0.18491735 -0.02732360
0.19307827 -0.02735240
0.20123921 -0.02736150
0.20940014 -0.02735590
0.21756106 -0.02733890
0.22572196 -0.02731290
0.23388284 -0.02728020
0.24204369 -0.02724270
0.25020453 -0.02720240
0.25836537 -0.02716180
0.26652622 -0.02712360
0.27468710 -0.02709220
0.28284801 -0.02707000
0.29100894 -0.02705840
0.29916987 -0.02705570
0.30733081 -0.02705920
0.31549175 -0.02706720
0.32365268 -0.02707850
0.33181361 -0.02709220
0.33997454 -0.02710650
0.34813546 -0.02711980
0.35629640 -0.02712910
0.36445734 -0.02713360
0.37261828 -0.02713260
0.38077921 -0.02712690
0.38894015 -0.02711670
0.39710107 -0.02710220
0.40526199 -0.02708350
0.41342290 -0.02706040
0.42158379 -0.02703260
0.42974466 -0.02699960
0.43790551 -0.02696120
0.44606633 -0.02691690
0.45422711 -0.02686610
0.46238785 -0.02680850
0.47054853 -0.02674360
0.47870915 -0.02667110
0.48686969 -0.02659040
0.49503013 -0.02650050
0.50319046 -0.02640050
0.51135064 -0.02628980
0.51951067 -0.02616720
0.52767048 -0.02603130
0.53583002 -0.02588090
0.54398924 -0.02571320
0.55214803 -0.02552550
0.56030625 -0.02531560
0.56846385 -0.02508270
0.57662086 -0.02482930
0.58477729 -0.02455770
0.59293315 -0.02427020
0.60108852 -0.02396860
0.60924340 -0.02365420
0.61739784 -0.02332830
0.62555185 -0.02299230
0.63370549 -0.02264720
0.64185878 -0.02229400
0.65001176 -0.02193370
0.65816447 -0.02156720
0.66631693 -0.02119530
0.67446917 -0.02081860
0.68262122 -0.02043770
0.69077309 -0.02005310
0.69892482 -0.01966540
0.70707644 -0.01927550
0.71522799 -0.01888410
0.72337950 -0.01849200
0.73153101 -0.01809980
0.73968252 -0.01770770
0.74783400 -0.01731490
0.75598543 -0.01692090
0.76413676 -0.01652500
0.77228796 -0.01612650
0.78043899 -0.01572440
0.78858978 -0.01531760
0.79674029 -0.01490510
0.80489046 -0.01448600
0.81304027 -0.01405990
0.82118968 -0.01362630
0.82933866 -0.01318450
0.83748715 -0.01273400
0.84563511 -0.01227410
0.85378248 -0.01180350
0.86192917 -0.01132140
0.87007511 -0.01082680
0.87822021 -0.01031890
0.88636436 -0.00979540
0.89450722 -0.00925180
0.90264833 -0.00868310
0.91078725 -0.00808470
0.91892366 -0.00745340
0.92705762 -0.00678970
0.93518859 -0.00609030
0.94331600 -0.00535150
0.95143921 -0.00456980
0.95955554 -0.00370380
0.96764561 -0.00263800
0.97568839 -0.00124840
0.98373068 0.00014879
0.99185308 0.00059066
1.00000000 0.00000000