Airfoil 8
1.0000000000 0.0000000000
0.9919376800 0.0011676000
0.9838063900 0.0018427000
0.9756710000 0.0024617100
0.9675359500 0.0030901300
0.9594050100 0.0037658100
0.9512828900 0.0045324400
0.9431743300 0.0054288700
0.9350803200 0.0064508800
0.9269991600 0.0075758200
0.9189292900 0.0087813200
0.9108690500 0.0100450600
0.9028153800 0.0113500400
0.8947676500 0.0126916600
0.8867255800 0.0140671300
0.8786889200 0.0154736400
0.8706573900 0.0169086100
0.8626306900 0.0183706100
0.8546083300 0.0198564600
0.8465897400 0.0213625900
0.8385743400 0.0228854200
0.8305614400 0.0244213400
0.8225505500 0.0259677200
0.8145413200 0.0275227200
0.8065334000 0.0290844900
0.7985264600 0.0306511900
0.7905200800 0.0322208200
0.7825139500 0.0337916800
0.7745078000 0.0353624600
0.7665013800 0.0369318500
0.7584944400 0.0384985500
0.7504867100 0.0400612300
0.7424780000 0.0416188800
0.7344681900 0.0431708800
0.7264570300 0.0447159900
0.7184443100 0.0462529000
0.7104297700 0.0477803000
0.7024131900 0.0492968800
0.6943943300 0.0508012400
0.6863725700 0.0522901500
0.6783476600 0.0537621900
0.6703195600 0.0552167900
0.6622882300 0.0566533500
0.6542536200 0.0580713200
0.6462157400 0.0594702800
0.6381747400 0.0608515700
0.6301304400 0.0622139000
0.6220825900 0.0635551300
0.6140309400 0.0648731300
0.6059752400 0.0661657700
0.5979152300 0.0674309100
0.5898505700 0.0686655700
0.5817805100 0.0698660500
0.5737049300 0.0710295300
0.5656237500 0.0721531600
0.5575368800 0.0732341000
0.5494442500 0.0742695200
0.5413457600 0.0752564200
0.5332409100 0.0761923100
0.5251299900 0.0770764600
0.5170134500 0.0779082500
0.5088917600 0.0786870600
0.5007653700 0.0794122800
0.4926346600 0.0800834700
0.4844996700 0.0807030100
0.4763608200 0.0812732000
0.4682186100 0.0817957900
0.4600735400 0.0822725300
0.4519261100 0.0827051800
0.4437768200 0.0830955100
0.4356258200 0.0834449600
0.4274729300 0.0837538300
0.4193184600 0.0840222900
0.4111627000 0.0842505700
0.4030059600 0.0844388600
0.3948485300 0.0845873700
0.3866907200 0.0846963100
0.3785324200 0.0847662900
0.3703736400 0.0847971100
0.3622147100 0.0847880700
0.3540559200 0.0847384600
0.3458975900 0.0846475400
0.3377400300 0.0845146300
0.3295834300 0.0843387500
0.3214276500 0.0841181800
0.3132730700 0.0838520000
0.3051201100 0.0835394000
0.2969692100 0.0831795600
0.2888208000 0.0827716700
0.2806750500 0.0823147600
0.2725320100 0.0818073100
0.2643922700 0.0812478600
0.2562564500 0.0806349700
0.2481252000 0.0799671600
0.2399988100 0.0792429800
0.2318775400 0.0784605300
0.2237623000 0.0776175200
0.2156540300 0.0767117000
0.2075534500 0.0757405400
0.1994609900 0.0747018800
0.1913775600 0.0735951700
0.1833041000 0.0724194400
0.1752419000 0.0711675400
0.1671928100 0.0698341100
0.1591579900 0.0684180900
0.1511371200 0.0669239100
0.1431322400 0.0653471900
0.1351453700 0.0636815800
0.1271787600 0.0619207800
0.1192352500 0.0600600700
0.1113163900 0.0580957900
0.1034254200 0.0560224700
0.0955661500 0.0538332900
0.0877426400 0.0515178500
0.0799612400 0.0490663100
0.0722275500 0.0464671200
0.0645507500 0.0437046500
0.0569412900 0.0407628000
0.0494101900 0.0376243200
0.0419731900 0.0342709100
0.0346527100 0.0306685100
0.0274878600 0.0267684000
0.0205275800 0.0225128800
0.0138431500 0.0178351900
0.0076436600 0.0125412600
0.0023109200 0.0063860600
0.0011595400 -0.0004866000
0.0086130400 -0.0038251000
0.0160168100 -0.0073139000
0.0234493000 -0.0107159000
0.0309889800 -0.0137941000
0.0387143300 -0.0163114000
0.0466355000 -0.0181840000
0.0546383900 -0.0196622000
0.0627036300 -0.0208163000
0.0708155900 -0.0217076000
0.0789586400 -0.0223975000
0.0871171500 -0.0229474000
0.0952754800 -0.0234188000
0.1034194000 -0.0238728000
0.1115658300 -0.0243189000
0.1197140200 -0.0247357000
0.1278638300 -0.0251217000
0.1360151200 -0.0254749000
0.1441677500 -0.0257939000
0.1523215800 -0.0260770000
0.1604764800 -0.0263223000
0.1686324200 -0.0265303000
0.1767891700 -0.0267077000
0.1849465300 -0.0268579000
0.1931043800 -0.0269836000
0.2012625800 -0.0270879000
0.2094210100 -0.0271736000
0.2175795500 -0.0272436000
0.2257380700 -0.0273007000
0.2338967200 -0.0273445000
0.2420554400 -0.0273743000
0.2502142200 -0.0273909000
0.2583730200 -0.0273950000
0.2665318100 -0.0273872000
0.2746905700 -0.0273684000
0.2828492800 -0.0273398000
0.2910079800 -0.0273039000
0.2991666600 -0.0272612000
0.3073252900 -0.0272118000
0.3154838900 -0.0271557000
0.3236424400 -0.0270930000
0.3318009300 -0.0270236000
0.3399593500 -0.0269478000
0.3481177100 -0.0268653000
0.3562759900 -0.0267758000
0.3644342100 -0.0266797000
0.3725923600 -0.0265772000
0.3807504200 -0.0264685000
0.3889084000 -0.0263538000
0.3970663000 -0.0262334000
0.4052241000 -0.0261075000
0.4133818200 -0.0259762000
0.4215394600 -0.0258396000
0.4296970100 -0.0256977000
0.4378544800 -0.0255507000
0.4460118400 -0.0253987000
0.4541691200 -0.0252417000
0.4623262900 -0.0250800000
0.4704833700 -0.0249135000
0.4786403600 -0.0247423000
0.4867972500 -0.0245663000
0.4949540300 -0.0243855000
0.5031107000 -0.0241999000
0.5112672600 -0.0240092000
0.5194236900 -0.0238136000
0.5275800100 -0.0236130000
0.5357362100 -0.0234079000
0.5438923000 -0.0231982000
0.5520482700 -0.0229841000
0.5602041300 -0.0227654000
0.5683598500 -0.0225421000
0.5765154500 -0.0223142000
0.5846709200 -0.0220816000
0.5928262300 -0.0218438000
0.6009814000 -0.0216011000
0.6091364400 -0.0213537000
0.6172913400 -0.0211022000
0.6254461300 -0.0208468000
0.6336008000 -0.0205879000
0.6417553600 -0.0203252000
0.6499097600 -0.0200581000
0.6580640000 -0.0197858000
0.6662180700 -0.0195084000
0.6743719800 -0.0192267000
0.6825257400 -0.0189404000
0.6906793400 -0.0186494000
0.6988327500 -0.0183535000
0.7069859600 -0.0180520000
0.7151389600 -0.0177449000
0.7232917400 -0.0174320000
0.7314443000 -0.0171134000
0.7395966500 -0.0167893000
0.7477487800 -0.0164601000
0.7559007100 -0.0161257000
0.7640524200 -0.0157861000
0.7722038900 -0.0154406000
0.7803550700 -0.0150885000
0.7885059400 -0.0147293000
0.7966564700 -0.0143624000
0.8048066200 -0.0139872000
0.8129563500 -0.0136030000
0.8211056500 -0.0132097000
0.8292545200 -0.0128078000
0.8374029500 -0.0123968000
0.8455508400 -0.0119753000
0.8536981100 -0.0115422000
0.8618447700 -0.0110974000
0.8699907200 -0.0106401000
0.8781358800 -0.0101689000
0.8862801400 -0.0096822000
0.8944233200 -0.0091778000
0.9025652600 -0.0086540000
0.9107056600 -0.0081065000
0.9188439400 -0.0075285000
0.9269795000 -0.0069138000
0.9351118200 -0.0062570000
0.9432401200 -0.0055529000
0.9513629400 -0.0047875000
0.9594761500 -0.0039272000
0.9675697700 -0.0029006000
0.9756488200 -0.0017559000
0.9836900400 -0.0004046000
0.9918415400 -0.0001249000
1.0000000000 0.0000000000