Airfoil 21,526.734996385042,2933.513332303680,-3100.000000000000,0.000000000000,-3.068133316187
Airfoil 20,552.396182209376,2824.330430577760,-2945.000000000000,0.000000000000,-2.491353188620
Airfoil 19,578.107298578613,2715.147528851850,-2790.000000000000,0.000000000000,-1.965821252860
Airfoil 18,603.862041835250,2605.964627125930,-2635.000000000000,0.000000000000,-1.485040648120
Airfoil 17,629.655421278180,2496.781725400020,-2480.000000000000,0.000000000000,-1.043570429400
Airfoil 16,655.484522497589,2387.598823674100,-2325.000000000000,0.000000000000,-0.636896342763
Airfoil 15,681.347476233285,2278.415921948190,-2170.000000000000,0.000000000000,-0.261204422557
Airfoil 14,707.242321349017,2169.233020222270,-2015.000000000000,0.000000000000,0.086797304258
Airfoil 13,733.161314391476,2060.050118496360,-1860.000000000000,0.000000000000,0.410217242267
Airfoil 12,759.093609606331,1950.867216770450,-1705.000000000000,0.000000000000,0.711907400803
Airfoil 11,785.029638988508,1841.684315044540,-1550.000000000000,0.000000000000,0.994324577513
Airfoil 10,810.979808760198,1732.501413318630,-1395.000000000000,0.000000000000,1.258833710171
Airfoil 9,836.973616527878,1623.318511592720,-1240.000000000000,0.000000000000,1.505869124010
Airfoil 8,874.715531417690,1509.197997272040,-1085.000000000000,0.000000000000,1.692588903472
Airfoil 7,1018.823699244040,1342.141756975570,-930.000000000000,0.000000000000,1.737320169042
Airfoil 6,1292.168503353420,1146.145716309240,-775.000000000000,0.000000000000,1.804641397306
Airfoil 5,1680.172445437550,911.027580100521,-620.000000000000,0.000000000000,1.786705403052
Airfoil 4,2045.851105092760,655.897190123735,-465.000000000000,0.000000000000,1.676132485273
Airfoil 3,2404.823347964950,391.294432318333,-310.000000000000,0.000000000000,1.448178181127
Airfoil 2,2718.703935436620,144.972989452989,-155.000000000000,0.000000000000,1.194218385028
Airfoil 1,2899.856465067280,0.000000000000,0.000000000000,0.000000000000,1.038526943565
Airfoil 2,2718.703935436620,144.972989452989,155.000000000000,0.000000000000,1.194218385028
Airfoil 3,2404.823347964950,391.294432318333,310.000000000000,0.000000000000,1.448178181127
Airfoil 4,2045.851105092760,655.897190123735,465.000000000000,0.000000000000,1.676132485273
Airfoil 5,1680.172445437550,911.027580100521,620.000000000000,0.000000000000,1.786705403052
Airfoil 6,1292.168503353420,1146.145716309240,775.000000000000,0.000000000000,1.804641397306
Airfoil 7,1018.823699244040,1342.141756975570,930.000000000000,0.000000000000,1.737320169042
Airfoil 8,874.715531417690,1509.197997272040,1085.000000000000,0.000000000000,1.692588903472
Airfoil 9,836.973616527878,1623.318511592720,1240.000000000000,0.000000000000,1.505869124010
Airfoil 10,810.979808760198,1732.501413318630,1395.000000000000,0.000000000000,1.258833710171
Airfoil 11,785.029638988508,1841.684315044540,1550.000000000000,0.000000000000,0.994324577513
Airfoil 12,759.093609606331,1950.867216770450,1705.000000000000,0.000000000000,0.711907400803
Airfoil 13,733.161314391476,2060.050118496360,1860.000000000000,0.000000000000,0.410217242267
Airfoil 14,707.242321349017,2169.233020222270,2015.000000000000,0.000000000000,0.086797304258
Airfoil 15,681.347476233285,2278.415921948190,2170.000000000000,0.000000000000,-0.261204422557
Airfoil 16,655.484522497589,2387.598823674100,2325.000000000000,0.000000000000,-0.636896342763
Airfoil 17,629.655421278180,2496.781725400020,2480.000000000000,0.000000000000,-1.043570429400
Airfoil 18,603.862041835250,2605.964627125930,2635.000000000000,0.000000000000,-1.485040648120
Airfoil 19,578.107298578613,2715.147528851850,2790.000000000000,0.000000000000,-1.965821252860
Airfoil 20,552.396182209376,2824.330430577760,2945.000000000000,0.000000000000,-2.491353188620
Airfoil 21,526.734996385042,2933.513332303680,3100.000000000000,0.000000000000,-3.068133316187