Airfoil 560
1.00000000000000000000 -0.03141082511672200000
0.99479965530923800000 -0.03108394074483000000
0.98960131321150100000 -0.03072754593962300000
0.98440680941706000000 -0.03031894464682690000
0.97921631080866800000 -0.02986217542904030000
0.97402953924840400000 -0.02936448656045910000
0.96884604971559600000 -0.02883363808905230000
0.96366545281715600000 -0.02827593262008760000
0.95848752604274900000 -0.02769336718383080000
0.95331210250962200000 -0.02708883441465010000
0.94813934910052700000 -0.02646217299255210000
0.94296921018788000000 -0.02581422289405510000
0.93780168577168200000 -0.02514577959361050000
0.93263672022434800000 -0.02445781657393830000
0.92747431354587900000 -0.02375112374673140000
0.92231413197076900000 -0.02302807084706850000
0.91715634238177200000 -0.02228840755082150000
0.91200066664096700000 -0.02153396400550420000
0.90684704912077000000 -0.02076531873799040000
0.90169548982118100000 -0.01998332285031510000
0.89654587748703300000 -0.01918856599486900000
0.89139815649074100000 -0.01838166007507610000
0.88625227120472100000 -0.01756307792540040000
0.88110822162897300000 -0.01673327569203080000
0.87596584088074500000 -0.01589279852529050000
0.87082524021520500000 -0.01504189674930760000
0.86568614149443400000 -0.01418163841369490000
0.86054865597359900000 -0.01331188444949250000
0.85541267239753200000 -0.01243339695460120000
0.85027813513864900000 -0.01154648188073300000
0.84514493294178200000 -0.01065181788441290000
0.84001301017934700000 -0.00974962191321841000
0.83488242247892900000 -0.00884036680161362000
0.82975294733019000000 -0.00792450869578737000
0.82462458473313200000 -0.00700233685917649000
0.81949733468775400000 -0.00607420174556021000
0.81437108593888800000 -0.00514059287767778000
0.80924578285895000000 -0.00420171774641754000
0.80412142544794000000 -0.00325786784031969000
0.79899784682310600000 -0.00230954992667450000
0.79387521386720000000 -0.00135626280095010000
0.78875341532505500000 -0.00039828348851482300
0.78363256245183700000 0.00056438033402472900
0.77851237710962700000 0.00153069946179756000
0.77339285929842600000 0.00250083327339461000
0.76827412027340100000 0.00347471601144882000
0.76315599315179900000 0.00445194875386702000
0.75803847793362200000 0.00543219156048334000
0.75292146336370100000 0.00641523449279575000
0.74780489381445200000 0.00740082338837293000
0.74268882491345900000 0.00838875481714017000
0.73757314540555400000 0.00937860817893480000
0.73245774403556900000 0.01037007251556220000
0.72734273205867200000 0.01136333807335980000
0.72222788696452700000 0.01235770895125150000
0.71711326438071800000 0.01335300157821020000
0.71199880867966100000 0.01434923431133860000
0.70688440860618800000 0.01534585810638250000
0.70177006416029900000 0.01634265156555770000
0.69665571971441000000 0.01733955238597000000
0.69154143089610500000 0.01833647768251920000
0.68642703082263200000 0.01933314653590620000
0.68131246386640700000 0.02032890142808800000
0.67619750751709500000 0.02132261256283340000
0.67108238428503000000 0.02231519000741680000
0.66596703854262900000 0.02330710270237130000
0.66085152591747600000 0.02429792231530020000
0.65573573515440300000 0.02528724777132260000
0.65061961062582500000 0.02627470803445330000
0.64550298544899200000 0.02725996155132650000
0.64038591525148700000 0.02824269513864420000
0.63526834440572600000 0.02922262565200400000
0.63015010602895600000 0.03019949776079500000
0.62503131137634700000 0.03117308728585400000
0.61991184919273000000 0.03214319897436090000
0.61479171947810400000 0.03311006034313430000
0.60967103348763900000 0.03407376150886040000
0.60454973559374900000 0.03503405937899700000
0.59942771454126700000 0.03599075313796590000
0.59430502595777800000 0.03694367200908420000
0.58918155858811200000 0.03789266301649590000
0.58405736805985400000 0.03883758097220660000
0.57893239874542000000 0.03977827623801550000
0.57380665064481000000 0.04071458304372220000
0.56868006813044000000 0.04164630891788610000
0.56355259557472600000 0.04257322189348170000
0.55842417735008300000 0.04349504105121000000
0.55329481345651300000 0.04441142150005010000
0.54816439263884600000 0.04532194714567360000
0.54303297052466800000 0.04622657571111660000
0.53790054711397700000 0.04712585179042660000
0.53276712240677400000 0.04801910340238890000
0.52763252952030700000 0.04890577371488740000
0.52249671282699200000 0.04978549725469530000
0.51735972795441300000 0.05065810102002630000
0.51222151927498600000 0.05152360336798320000
0.50708219804387800000 0.05238221401455760000
0.50194176426109100000 0.05323433570345780000
0.49680016229903900000 0.05407952397028750000
0.49165700276463500000 0.05491513984246160000
0.48651245254063100000 0.05574197545677620000
0.48136656725461100000 0.05656053924934910000
0.47621940253415900000 0.05737084902100740000
0.47107084712410700000 0.05817259826376300000
0.46592095665203800000 0.05896531914963450000
0.46076956423520200000 0.05974853328139940000
0.45561666987359700000 0.06052192914458740000
0.45046244044997600000 0.06128600182469600000
0.44530665345400300000 0.06203986128038120000
0.44014930888567800000 0.06278266753512450000
0.43499046237258400000 0.06351522162613560000
0.42983028079747500000 0.06423833015338250000
0.42466870853276500000 0.06495109751276280000
0.41950513367503100000 0.06564929600789200000
0.41433977873460900000 0.06633449989939750000
0.40917342249767500000 0.06701173235811500000
0.40400578682630900000 0.06767936349583320000
0.39883676046534300000 0.06833654777327510000
0.39366645466994400000 0.06898295698769510000
0.38849475818494500000 0.06961850769771730000
0.38332178226551500000 0.07024307195989830000
0.37814736002890000000 0.07085622144184140000
0.37297154710268500000 0.07145696597255120000
0.36779428785928500000 0.07204511641824220000
0.36261563792628600000 0.07262119011544560000
0.35743554167610300000 0.07318399663386360000
0.35225366534323100000 0.07373047089361760000
0.34707028706559100000 0.07426219828085180000
0.34188562935351900000 0.07478110907273100000
0.33669935844151100000 0.07528373210801340000
0.33151147432956700000 0.07576960011499330000
0.32632208827285400000 0.07623919149089320000
0.32113108901620600000 0.07669079846888410000
0.31593853218720500000 0.07712379802002510000
0.31074452904102000000 0.07753913581324440000
0.30554913520523500000 0.07793621107063460000
0.30035223942468200000 0.07831341059225960000
0.29515378607177700000 0.07866902661129050000
0.28995388640168700000 0.07900216908638310000
0.28475259604199700000 0.07931370024508960000
0.27955030438579600000 0.07960703005830940000
0.27434651078482600000 0.07987355850155530000
0.26914154900459200000 0.08011529373061000000
0.26393553030026200000 0.08033328154405260000
0.25872851029941900000 0.08052463487027340000
0.25352048900206500000 0.08068792964312180000
0.24831163329095100000 0.08082259846124090000
0.24310216567641200000 0.08093058272731250000
0.23789214178603400000 0.08100517375470560000
0.23268172850256700000 0.08104955900398370000
0.22747120396393300000 0.08105889887533820000
0.22226067942529800000 0.08103402778252930000
0.21705043302458400000 0.08097305995045920000
0.21184090978246100000 0.08086827983322630000
0.20663199844376300000 0.08073758838736360000
0.20142392151882400000 0.08057698042682270000
0.19621679026281400000 0.08038772982327730000
0.19101082718606800000 0.08016807318231440000
0.18580636605409000000 0.07991523468749230000
0.18060379625996900000 0.07962644408512730000
0.17540350719679100000 0.07929928713807370000
0.17020594388523000000 0.07893146642711200000
0.16501171822870900000 0.07851943291238270000
0.15982099710998000000 0.07806512799656750000
0.15463511559106000000 0.07755811038214870000
0.14945396241678100000 0.07700571734745650000
0.14427881702157300000 0.07639917085973490000
0.13911068070195100000 0.07573536689979630000
0.13395049912684200000 0.07501264776563740000
0.12879960735826100000 0.07422665225467220000
0.12365961859614600000 0.07337184542229210000
0.11853158976459100000 0.07244843309055790000
0.11341813536004700000 0.07144721445707510000
0.10831936663767900000 0.07037366327610980000
0.10323839874219400000 0.06921915170938280000
0.09817645548043800000 0.06798367975689410000
0.09313559507302050000 0.06666473305184660000
0.08811787574054910000 0.06526055376258580000
0.08312652388289670000 0.06376515079831420000
0.07816471027235100000 0.06217464135366830000
0.07323371434334450000 0.06049098908236350000
0.06834121270246980000 0.05869864607467010000
0.06348792850831910000 0.05680269669176640000
0.05868003642271690000 0.05479444912365140000
0.05391703579740730000 0.05268191930518030000
0.04920799392858300000 0.05045182003163760000
0.04455830669189270000 0.04810047320716890000
0.03998299353501790000 0.04560764096043690000
0.03550480613981670000 0.04294450208389270000
0.03115083513970010000 0.04008298856747460000
0.02693954889255770000 0.03701539265314260000
0.02287428505343000000 0.03375663087754790000
0.01893796595402730000 0.03034299022628910000
0.01513153726327760000 0.02678525355024980000
0.01153198755744460000 0.02301943299582410000
0.00830141561632063000 0.01893440133844420000
0.00551770005751341000 0.01453212723830800000
0.00314601801343555000 0.00989434374831900000
0.00123938257164433000 0.00504832012206027000
0.00000000000000000000 0.00000000000000000000
0.00161531378435402000 -0.00480890784528612000
0.00496109045195355000 -0.00862498792186082000
0.00901851080173653000 -0.01171814860497420000
0.01337170301567700000 -0.01438040689686360000
0.01782736123935590000 -0.01686983028524770000
0.02234899377766540000 -0.01923699536950430000
0.02695423457473520000 -0.02143672142590410000
0.03164419618224550000 -0.02344961111590440000
0.03640324724909080000 -0.02529368221396450000
0.04120557657629250000 -0.02702221482004500000
0.04603182576461640000 -0.02868295965225640000
0.05087543075915020000 -0.03029254935821620000
0.05573405520136550000 -0.03185602379703540000
0.06061120362905460000 -0.03336082226024550000
0.06550537409744940000 -0.03480925329258280000
0.07041834668923820000 -0.03619256111232470000
0.07534834132173260000 -0.03751387755245080000
0.08029240973298040000 -0.03878156900159560000
0.08524927248854950000 -0.03999847802930160000
0.09021648197474360000 -0.04117222005181930000
0.09519231373645870000 -0.04230901423304050000
0.10017554396684600000 -0.04341266549971120000
0.10516572764523500000 -0.04448474811245870000
0.11016253100612000000 -0.04552536776369270000
0.11516584279433400000 -0.04653435200790270000
0.12017549612712400000 -0.04751131145200070000
0.12519126849415500000 -0.04845639072770500000
0.13021277050233900000 -0.04937041868601750000
0.13523989089650700000 -0.05025311162625960000
0.14027185089048400000 -0.05110791845863970000
0.14530837234634900000 -0.05193540658451470000
0.15034978902960600000 -0.05273214934470980000
0.15539437648515200000 -0.05350899411810610000
0.16044224596815400000 -0.05426401619029710000
0.16549356436136500000 -0.05499574699306490000
0.17054805352686400000 -0.05570527682705600000
0.17560493467847500000 -0.05639711708933340000
0.18066448595411900000 -0.05706959895237680000
0.18572626233312200000 -0.05772489189196250000
0.19079015256031800000 -0.05836377469426660000
0.19585598975295400000 -0.05898735991096920000
0.20092349577311000000 -0.05959687134891830000
0.20599272624837100000 -0.06019164147710590000
0.21106351429598300000 -0.06077317224030030000
0.21613663870212400000 -0.06133428768016450000
0.22121182132887300000 -0.06187604472079490000
0.22628889529347800000 -0.06239977842420740000
0.23136791622352300000 -0.06290476563181000000
0.23644866160867300000 -0.06339161824702690000
0.24153107582134300000 -0.06386055878019390000
0.24661527011670100000 -0.06431047467963100000
0.25170085510165900000 -0.06474359104869840000
0.25678794203138500000 -0.06515935161155610000
0.26187641965071100000 -0.06555770074062010000
0.26696612107688600000 -0.06593958410481840000
0.27205704630990800000 -0.06630522421448700000
0.27714908409461100000 -0.06665506609029810000
0.28224217880341000000 -0.06698922098741960000
0.28733621918113600000 -0.06730818955410760000
0.29243114960020700000 -0.06761247243861820000
0.29752697006062200000 -0.06790251466162320000
0.30262351367963000000 -0.06817892812654700000
0.30772072482964500000 -0.06844221348164540000
0.31281860351066800000 -0.06869292700275850000
0.31791703846753100000 -0.06893145808297440000
0.32301602970023500000 -0.06915825174296520000
0.32811552158119400000 -0.06937391988615480000
0.33321540285524200000 -0.06957963069180740000
0.33831584040512900000 -0.06977160148421070000
0.34341655609293700000 -0.06995500562867710000
0.34851760554624800000 -0.07012978749762260000
0.35361898876506400000 -0.07029461202903110000
0.35872065012179900000 -0.07044931234015060000
0.36382264524403900000 -0.07059416656890120000
0.36892486287661500000 -0.07072978661870680000
0.37402730301952600000 -0.07085684002057550000
0.37912996567277400000 -0.07097543802967540000
0.38423279520877400000 -0.07108502437016640000
0.38933584725511000000 -0.07118526527654450000
0.39443906618419800000 -0.07127727330048970000
0.39954239636845300000 -0.07136210536609820000
0.40464589343546100000 -0.07143770325276180000
0.40974950175763700000 -0.07150301003638430000
0.41485322133498100000 -0.07155858199280590000
0.41995705216749300000 -0.07160458600477850000
0.42506093862758900000 -0.07164074393438210000
0.43016493634285200000 -0.07166705578161680000
0.43526893405811600000 -0.07168363280165050000
0.44037293177338000000 -0.07169058624965110000
0.44547698511622800000 -0.07168797175320290000
0.45058098283149200000 -0.07167578931230570000
0.45568498054675600000 -0.07165420580971150000
0.46078892263443600000 -0.07162327687300440000
0.46589280909453200000 -0.07158322501252040000
0.47099658429945900000 -0.07153377209033940000
0.47610030387680300000 -0.07147491810646150000
0.48120385657139500000 -0.07140760872981480000
0.48630735363840300000 -0.07133256711899120000
0.49141073945024300000 -0.07125001578432700000
0.49651395837933000000 -0.07115906468447780000
0.50161695479808200000 -0.07105704369541160000
0.50671978433408200000 -0.07094779112042470000
0.51182255824249800000 -0.07083286453186910000
0.51692516526816100000 -0.07071137388840090000
0.52202754978348900000 -0.07058276291418000000
0.52712976741606500000 -0.07044675347128640000
0.53223176253830400000 -0.07030323430455200000
0.53733359077779200000 -0.07015237229672890000
0.54243519650694400000 -0.06999433433056900000
0.54753652409817500000 -0.06982950979916050000
0.55263768480665500000 -0.06965817684042330000
0.55773862300479900000 -0.06948055796469350000
0.56283939432019000000 -0.06929687568230710000
0.56793988749766200000 -0.06910712999326410000
0.57304015816479700000 -0.06891104275964440000
0.57814015069401200000 -0.06870850272628010000
0.58323992071289200000 -0.06849995491384320000
0.58833941259385100000 -0.06828500992924560000
0.59343862633689100000 -0.06806305586906330000
0.59853750631442600000 -0.06783370334020830000
0.60363610815404200000 -0.06759773112885670000
0.60873437622815300000 -0.06735569551084840000
0.61383236616434400000 -0.06710698458275950000
0.61892996670744700000 -0.06685126457908580000
0.62402723348504700000 -0.06658814610673940000
0.62912405524197400000 -0.06631746228296830000
0.63422048760581300000 -0.06603904622502040000
0.63931647494898000000 -0.06575273105014360000
0.64441201727147500000 -0.06545834987558610000
0.64950705894571400000 -0.06515579144617980000
0.65460165559928100000 -0.06484477762400460000
0.65969564034942400000 -0.06452514152630850000
0.66478906882372600000 -0.06419643813241960000
0.66988194102218900000 -0.06385883432508970000
0.67497414568964400000 -0.06351199633881490000
0.68006573845367400000 -0.06315564603567520000
0.68515666368669700000 -0.06278967216050250000
0.69024681013354300000 -0.06241401908571280000
0.69533628904938200000 -0.06202874243889020000
0.70042504480662800000 -0.06163389784761860000
0.70551296615011400000 -0.06122904029122600000
0.71060021996259300000 -0.06081500418347250000
0.71568686187164700000 -0.06039401462771820000
0.72077255811177300000 -0.05996189955516290000
0.72585753119330700000 -0.05952105095191870000
0.73094172548866500000 -0.05907169132832160000
0.73602514099784700000 -0.05861343129128370000
0.74110777772085200000 -0.05814671586147690000
0.74618963565768200000 -0.05767154503890120000
0.75127077043591900000 -0.05718836384422870000
0.75635112642798100000 -0.05669717227745950000
0.76143070363386600000 -0.05619841535926550000
0.76650955768116000000 -0.05569209308964670000
0.77158768856986100000 -0.05517870611685920000
0.77666515192755400000 -0.05465831006848700000
0.78174189212665500000 -0.05413138890451100000
0.78681790916716400000 -0.05359731403323180000
0.79189336993183400000 -0.05305780990975370000
0.79696805191032600000 -0.05251153034654370000
0.80204223324056300000 -0.05196022761249800000
0.80711585829496000000 -0.05140375707589820000
0.81218887144593300000 -0.05084214655053630000
0.81726138394865000000 -0.05027573536467470000
0.82233345143069400000 -0.04970507979415350000
0.82740501826448300000 -0.04913039678655020000
0.83247614007759900000 -0.04855187547565060000
0.83754692812521200000 -0.04797001094695230000
0.84261727115215300000 -0.04738491445562320000
0.84768739166875700000 -0.04679721459336260000
0.85275723404744100000 -0.04620754551462830000
0.85782685391579000000 -0.04561596284700420000
0.86289630690138600000 -0.04502270578910150000
0.86796559300423100000 -0.04442822492435070000
0.87303482347949100000 -0.04383315440720940000
0.87810405395475100000 -0.04323805051351770000
0.88317328443001200000 -0.04264305231223560000
0.88824262616044000000 -0.04204901646815690000
0.89331207914603600000 -0.04145594298128140000
0.89838175464196900000 -0.04086458838675170000
0.90345170827582100000 -0.04027592060452940000
0.90852210693034600000 -0.03969085192699240000
0.91359300623312600000 -0.03910999982032290000
0.91866435055657900000 -0.03853346441417230000
0.92373647366620800000 -0.03796356537879350000
0.92880943118959600000 -0.03740120388104750000
0.93388333438191300000 -0.03684751472364800000
0.93895846138107800000 -0.03630496777132480000
0.94403486781467500000 -0.03577477014265080000
0.94911272056545700000 -0.03525858510238790000
0.95419218651617400000 -0.03475804253874730000
0.95927326566682700000 -0.03427484465579960000
0.96435618052775300000 -0.03381097735829390000
0.96944087547136700000 -0.03336723612068140000
0.97452768426317400000 -0.03294832147381060000
0.97961699629626000000 -0.03256098104362130000
0.98470897845337900000 -0.03221044382301020000
0.98980435389312200000 -0.03191378748026680000
0.99490234382931300000 -0.03166625585695880000
1.00000000000000000000 -0.03141082511672200000