Airfoil 1190
1.00000000000000000000 -0.03064432249401600000
0.99494599801506200000 -0.02970610076478490000
0.98989468153424000000 -0.02875268842314200000
0.98485305622044500000 -0.02774986280576800000
0.97981913713585200000 -0.02670854107069880000
0.97478953821005300000 -0.02564692626539790000
0.96976028956740000000 -0.02458341993111100000
0.96472893922587400000 -0.02353004845583510000
0.95969431957499000000 -0.02249250977873780000
0.95465631385369800000 -0.02147101406970630000
0.94961550586724300000 -0.02046384494132760000
0.94457224589876800000 -0.01946904080798650000
0.93952711775351700000 -0.01848377605230890000
0.93448035495358700000 -0.01750712826201180000
0.92943242454317200000 -0.01653621343919670000
0.92438344328332000000 -0.01557061124408900000
0.91933387821822700000 -0.01460793975129900000
0.91428396286998600000 -0.01364739330959190000
0.90923381399965000000 -0.01268831805709620000
0.90418343160721600000 -0.01173013018856910000
0.89913304921478200000 -0.01077238601202640000
0.89408255006129900000 -0.00981480530095160000
0.88903216766886600000 -0.00885696771557008000
0.88398166851538400000 -0.00789897834082550000
0.87893128612294900000 -0.00694095393776636000
0.87388090373051500000 -0.00598298791523148000
0.86883052133808200000 -0.00502498686438204000
0.86378013894564800000 -0.00406728939225874000
0.85872952303111700000 -0.00311024578200712000
0.85367879035553700000 -0.00215369256815926000
0.84862794091890900000 -0.00119809679490922000
0.84357697472123300000 -0.00024337672952303300
0.83852577500145900000 0.00071034502889835800
0.83347434175958900000 0.00166278124817561000
0.82842267499562100000 0.00261413158970168000
0.82337077470955700000 0.00356405394360441000
0.81831852414034700000 0.00451243505166676000
0.81326604004904000000 0.00545927841672018000
0.80821320567458700000 0.00640407729581412000
0.80315990425594000000 0.00734664253604997000
0.79810625255414800000 0.00828769455309709000
0.79305271761340400000 0.00922848269017456000
0.78799894915056300000 0.01016904197559690000
0.78294529744877100000 0.01110919294763270000
0.77789141222488200000 0.01204882024636580000
0.77283741023994400000 0.01298776223947690000
0.76778329149395800000 0.01392581481697710000
0.76272893922587400000 0.01486296281160600000
0.75767447019674200000 0.01579901663844940000
0.75261976764551300000 0.01673380138945650000
0.74756471481113900000 0.01766727876700330000
0.74250954521571600000 0.01859941701208480000
0.73745402533714700000 0.01953006900577970000
0.73239827193648200000 0.02045915068013310000
0.72734205149162300000 0.02138623445618540000
0.72228559752466600000 0.02231175818786850000
0.71722879327456400000 0.02323523101173450000
0.71217152198026800000 0.02415630217759360000
0.70711378364177700000 0.02507479479245720000
0.70205557825909300000 0.02599077237433590000
0.69699690583221400000 0.02690409130713990000
0.69193776636114200000 0.02781448771089960000
0.68687804308482700000 0.02872166968299380000
0.68181761924222100000 0.02962532663903320000
0.67675649483332400000 0.03052512113958780000
0.67169466985813600000 0.03142068772257580000
0.66663202755560800000 0.03231199369490340000
0.66156880144783700000 0.03319938350166380000
0.65650475801272700000 0.03408270768871500000
0.65144001401132600000 0.03496173973962290000
0.64637456944363300000 0.03583618191371360000
0.64130819078755300000 0.03670567108412630000
0.63624087804308400000 0.03756977523498160000
0.63117251444918000000 0.03842799346138130000
0.62610310000583800000 0.03927975830462960000
0.62103251795201100000 0.04012444859594840000
0.61596100180979600000 0.04096289450639270000
0.61088831805709600000 0.04179515558409710000
0.60581458345495900000 0.04262025220386480000
0.60073944772024100000 0.04343719890244610000
0.59566279409189100000 0.04424511997197730000
0.59058497285305600000 0.04504510946348300000
0.58550598400373700000 0.04583703543697820000
0.58042547726078600000 0.04662011209060660000
0.57534356938525300000 0.04739369723860120000
0.57026014361608900000 0.04815727012668570000
0.56517519995329500000 0.04891040924747500000
0.56008862163582200000 0.04965276198260260000
0.55500040866367000000 0.05038402592095280000
0.54991067779788600000 0.05110392083600910000
0.54481919551637500000 0.05181216416603420000
0.53972619534123400000 0.05250844999708100000
0.53463144375036500000 0.05319242104034090000
0.52953494074376800000 0.05386364411232410000
0.52443680308249200000 0.05452158678264930000
0.51933691400548800000 0.05516583922003620000
0.51423527351275600000 0.05579688598283610000
0.50913211512639400000 0.05641467219335630000
0.50402732208535300000 0.05701906124116990000
0.49892089438963200000 0.05760991768346080000
0.49381294880028000000 0.05818632728121900000
0.48870313503415300000 0.05874760114425830000
0.48359180337439500000 0.05929404985696770000
0.47847895382100500000 0.05982570027438850000
0.47336458637398600000 0.06034238192538970000
0.46824858427228700000 0.06084380173973960000
0.46313118103800600000 0.06132963512172340000
0.45801225991009400000 0.06179960418004550000
0.45289193764960000000 0.06225356062817440000
0.44777009749547600000 0.06269145542646970000
0.44264697296981700000 0.06311265222721700000
0.43752244731157700000 0.06351687430673130000
0.43239675404285100000 0.06390659933446200000
0.42726977640259200000 0.06427773717087980000
0.42214093058555700000 0.06462298791523150000
0.41701115068013300000 0.06495456127036020000
0.41188055344737000000 0.06527244556016110000
0.40674890536517000000 0.06557422266331950000
0.40161632319458200000 0.06585838285947810000
0.39648280693560600000 0.06612433066728940000
0.39134835658824200000 0.06637237667114250000
0.38621308891353900000 0.06660374686204680000
0.38107723743359200000 0.06682058030241110000
0.37594091890945200000 0.06702592328799110000
0.37080389981902000000 0.06721388755911030000
0.36566606340124900000 0.06737904022418120000
0.36052775993928400000 0.06752627123591570000
0.35538898943312500000 0.06765701909043140000
0.35024975188277200000 0.06777056570728000000
0.34511016404927300000 0.06786535816451630000
0.33997022593262900000 0.06794034094226170000
0.33483017105493600000 0.06799624262945880000
0.32968976589409800000 0.06803363418763500000
0.32454936073325900000 0.06805093700741430000
0.31940895557242100000 0.06804825734135090000
0.31426855041158300000 0.06802670325179520000
0.30912826201179300000 0.06798717029598930000
0.30398809037305200000 0.06792914706054060000
0.29884826901745600000 0.06784950551695950000
0.29370891470605400000 0.06774396286998660000
0.28856991067779800000 0.06762239710432600000
0.28343137369373600000 0.06748418938642070000
0.27829330375386800000 0.06732671142506860000
0.27315593438029100000 0.06714822581586780000
0.26801938233405300000 0.06694777278299960000
0.26288376437620400000 0.06672505808862160000
0.25774919726779200000 0.06648032809854630000
0.25261556424776700000 0.06621426236207600000
0.24748309883822700000 0.06592785101290210000
0.24235203456127000000 0.06561810146535120000
0.23722248817794400000 0.06528397337848090000
0.23209445968824800000 0.06492669624613230000
0.22696818261428000000 0.06454549360733260000
0.22184377371708800000 0.06413888493198670000
0.21672158327981800000 0.06370599684745170000
0.21160161130246900000 0.06324786502422790000
0.20648444159028500000 0.06275983653453210000
0.20136949033802300000 0.06224859828361260000
0.19625710782882800000 0.06171197034269370000
0.19114764434584600000 0.06114856792574000000
0.18604074960593100000 0.06056141280868700000
0.18093677389223000000 0.05995074902212620000
0.17583700157627400000 0.05930516550878630000
0.17074003152548300000 0.05863832681417480000
0.16564574697880800000 0.05795074201646330000
0.16055484850253900000 0.05723887559110280000
0.15546897075135700000 0.05649198785685100000
0.15038764668106700000 0.05571445852063750000
0.14531064276957200000 0.05490898709790410000
0.14023842606106600000 0.05407415027146940000
0.13517169712184000000 0.05320720065386190000
0.13011068947399100000 0.05230685270593730000
0.12505528635647200000 0.05137583163056800000
0.12000642185766800000 0.05040936773892230000
0.11496491330492200000 0.04940614513398330000
0.10993052717613400000 0.04836721349757720000
0.10490419755969400000 0.04729029131881600000
0.09988685854398970000 0.04617179870395240000
0.09487944421740920000 0.04500990951018740000
0.08988253838519470000 0.04380370249284840000
0.08489754217992870000 0.04254945764492970000
0.07992562321209640000 0.04124392083600910000
0.07496771557008590000 0.03988629225290440000
0.07002545390857620000 0.03847262653978630000
0.06510047288224650000 0.03700023819253900000
0.06019475742892160000 0.03546464358689940000
0.05531087629166920000 0.03386090606573650000
0.05045244906299260000 0.03218201412808690000
0.04562192772491080000 0.03042413217350690000
0.04082351567517060000 0.02858062583922000000
0.03606807169128380000 0.02662907116585910000
0.03134870687138770000 0.02459164341175780000
0.02669250977873770000 0.02241404717146360000
0.02211162356237960000 0.02008242804600390000
0.01762367914063880000 0.01757657528168600000
0.01325576507677050000 0.01486725436394420000
0.00902341059022715000 0.01195072970984880000
0.00503847276548544000 0.00870726954288049000
0.00171323486484911000 0.00480882246482573000
0.00000000000000000000 0.00000000000000000000
0.00298009224122840000 -0.00385850896141047000
0.00742635296864972000 -0.00626407846342460000
0.01193811664428750000 -0.00854947749430790000
0.01650522505692100000 -0.01072035728880850000
0.02121431490454800000 -0.01256180746103100000
0.02603701325237910000 -0.01408322727538090000
0.03091669099188500000 -0.01541180454200480000
0.03582100531262780000 -0.01664753342285010000
0.04073722926031880000 -0.01783471305972330000
0.04566384494132750000 -0.01897760523089500000
0.05060435518710940000 -0.02005931461264520000
0.05555957732500440000 -0.02107152781831980000
0.06053091248759410000 -0.02200081732733960000
0.06551322318874420000 -0.02286965964154360000
0.07050370716329040000 -0.02369080506742950000
0.07550213088913540000 -0.02446149804425240000
0.08050627590635750000 -0.02519444217409070000
0.08551427403818100000 -0.02590051958666590000
0.09052600852355650000 -0.02658004553680890000
0.09554101231829060000 -0.02723467803140870000
0.10055916866133500000 -0.02786431198552160000
0.10558047755268900000 -0.02846891237083310000
0.11060458870920700000 -0.02904907466869050000
0.11563150213088900000 -0.02960561620643350000
0.12066075077354200000 -0.03013959950960360000
0.12569221787611600000 -0.03065249576741200000
0.13072566991651600000 -0.03114614980442520000
0.13576063985054600000 -0.03162289684161360000
0.14079724443925500000 -0.03208260844182380000
0.14583525016054700000 -0.03252744468445330000
0.15087442349232300000 -0.03295829295347070000
0.15591476443458500000 -0.03337522330550530000
0.16095603946523400000 -0.03377994045186530000
0.16599836534532100000 -0.03417239768813120000
0.17104150855274700000 -0.03455273512756140000
0.17608558584856100000 -0.03492322961060190000
0.18113036371066600000 -0.03528235156751710000
0.18617572537801400000 -0.03563168894856680000
0.19122190437270100000 -0.03597103158386360000
0.19626878393368000000 -0.03630037947340770000
0.20131624729990100000 -0.03661874014828650000
0.20636429447136400000 -0.03692892754976940000
0.21141280868702200000 -0.03723087162122720000
0.21646214023001900000 -0.03751959834199310000
0.22151217233930800000 -0.03779553972794680000
0.22656267149279000000 -0.03806159145309130000
0.23161363769046700000 -0.03832022885165510000
0.23666495417128900000 -0.03857070465292780000
0.24171685445735300000 -0.03881143090664950000
0.24676910502656300000 -0.03904377371708800000
0.25182158911787000000 -0.03926860879210700000
0.25687454025337200000 -0.03948599451223070000
0.26192772491097000000 -0.03969604763850780000
0.26698114309066500000 -0.03989935197618070000
0.27203491155350600000 -0.04009576741199140000
0.27708891353844300000 -0.04028579601844820000
0.28214303228443000000 -0.04047004495300370000
0.28719750131356200000 -0.04064832739798000000
0.29225208710374200000 -0.04082065502948220000
0.29730690641602000000 -0.04098716796076830000
0.30236195925039400000 -0.04114829820771790000
0.30741701208476900000 -0.04130444275789600000
0.31247229844124000000 -0.04145571837235100000
0.31752781831980900000 -0.04160170471130830000
0.32258345495942500000 -0.04174114075544400000
0.32763920836009100000 -0.04187597641426820000
0.33269507852180500000 -0.04200750773541950000
0.33775094868351900000 -0.04213512756144550000
0.34280705236733000000 -0.04225859069414440000
0.34786315605114100000 -0.04237792048572600000
0.35291937649600100000 -0.04249333878218230000
0.35797571370190900000 -0.04260521921886860000
0.36303216766886600000 -0.04271400548776930000
0.36808862163582200000 -0.04282014128086870000
0.37314507560277900000 -0.04292396520520750000
0.37820164633078400000 -0.04302572245898770000
0.38325821705878900000 -0.04312538968999940000
0.38831478778679400000 -0.04322269834783120000
0.39337147527584800000 -0.04331699457061120000
0.39842816276490200000 -0.04340719248058850000
0.40348508377605200000 -0.04349252145484270000
0.40854188802615400000 -0.04357602895674000000
0.41359880903730500000 -0.04365791348006300000
0.41865573004845600000 -0.04373780138945650000
0.42371265105960700000 -0.04381533072566990000
0.42876968883180600000 -0.04389022126218690000
0.43382672660400500000 -0.04396216942028140000
0.43888388113725300000 -0.04403097670617080000
0.44394091890945200000 -0.04409642127386300000
0.44899819020374800000 -0.04415836301009980000
0.45405534473699500000 -0.04421668515383270000
0.45911261603129200000 -0.04427130597232760000
0.46416988732558800000 -0.04432219043727010000
0.46922727538093300000 -0.04436933854866020000
0.47428466343627800000 -0.04441279701091720000
0.47934205149162200000 -0.04445262420456540000
0.48439943954696700000 -0.04448894856675810000
0.48945694436336000000 -0.04452192188685850000
0.49451433241870500000 -0.04455174265864910000
0.49957183723509800000 -0.04457863272812190000
0.50462934205149100000 -0.04460261544748670000
0.50968684686788500000 -0.04462351567517080000
0.51474446844532700000 -0.04464138011559340000
0.51980197326172000000 -0.04465619709264990000
0.52485947807811300000 -0.04466796660634010000
0.52991698289450600000 -0.04467667698055930000
0.53497460447194800000 -0.04468230486309770000
0.54003210928834100000 -0.04468480354953590000
0.54508973086578300000 -0.04468411465934960000
0.55014723568217600000 -0.04468020316422440000
0.55520485725961800000 -0.04467297565532140000
0.56026236207601100000 -0.04466238542822110000
0.56531986689240400000 -0.04464833907408490000
0.57037737170879800000 -0.04463076653628350000
0.57543487652519100000 -0.04460958608208300000
0.58049238134158500000 -0.04458470430264460000
0.58554988615797800000 -0.04455605114133920000
0.59060739097437100000 -0.04452353318932800000
0.59566477902971600000 -0.04448708038998190000
0.60072216708506100000 -0.04444661101056690000
0.60577955514040500000 -0.04440206667055870000
0.61083682643470100000 -0.04435336563722340000
0.61589409772899700000 -0.04430044953003680000
0.62095136902329400000 -0.04424329499678910000
0.62600852355654200000 -0.04418184365695600000
0.63106567808978900000 -0.04411604880611830000
0.63612271586198900000 -0.04404602720532430000
0.64117975363418800000 -0.04397187226341290000
0.64623667464533900000 -0.04389349057154530000
0.65129359565648900000 -0.04381070698814870000
0.65635039990659100000 -0.04372329966723100000
0.66140708739564500000 -0.04363098838227570000
0.66646377488469900000 -0.04353353961118570000
0.67152022885165500000 -0.04343076653628350000
0.67657668281861200000 -0.04332258742483510000
0.68163290326347100000 -0.04320906065736470000
0.68668912370833100000 -0.04309041975596940000
0.69174511063109400000 -0.04296713176484320000
0.69680109755385600000 -0.04283992060248700000
0.70185696771557000000 -0.04270980209002280000
0.70691272111623600000 -0.04257410239943950000
0.71196824099480400000 -0.04243228442991420000
0.71702376087337300000 -0.04228717379882070000
0.72207916399089200000 -0.04213832681417480000
0.72713433358631600000 -0.04198575515208130000
0.73218950318173800000 -0.04182950551695950000
0.73724455601611300000 -0.04166921594955920000
0.74229937532839100000 -0.04150465292778330000
0.74735419464066800000 -0.04133641193297920000
0.75240878043084800000 -0.04116444626072740000
0.75746324945998000000 -0.04098846400840680000
0.76251771848911200000 -0.04080900227684040000
0.76757195399614700000 -0.04062657481464180000
0.77262607274213300000 -0.04044053943604410000
0.77768007472707100000 -0.04025146827018510000
0.78273407671200900000 -0.04005981668515380000
0.78778784517485000000 -0.03986578317473290000
0.79284161363769100000 -0.03966927433008350000
0.79789526533948300000 -0.03947017339015700000
0.80294880028022600000 -0.03927025512289100000
0.80800245198201900000 -0.03907027847510070000
0.81305610368381100000 -0.03887055870161710000
0.81810963862455500000 -0.03867138770506160000
0.82316329032634700000 -0.03847282386595830000
0.82821705878918800000 -0.03827477377546850000
0.83327071049098000000 -0.03807712067254360000
0.83832436219277300000 -0.03787981785276430000
0.84337813065561300000 -0.03768280693560630000
0.84843189911845400000 -0.03748591277949680000
0.85348555082024600000 -0.03728910035612120000
0.85853931928308700000 -0.03709238134158440000
0.86359308774592800000 -0.03689577908809620000
0.86864673944772000000 -0.03669928191955160000
0.87370050791056100000 -0.03650279642711190000
0.87875427637340200000 -0.03630638099130130000
0.88380804483624300000 -0.03611008231653920000
0.88886181329908400000 -0.03591388872672080000
0.89391546500087600000 -0.03571773016521690000
0.89896923346371700000 -0.03552172339307610000
0.90402300192655700000 -0.03532485258917620000
0.90907665362834900000 -0.03512765485434060000
0.91413030533014200000 -0.03492822698347830000
0.91918384027088600000 -0.03472646389164570000
0.92423737521162900000 -0.03452376671142510000
0.92929067663027600000 -0.03431656255473170000
0.93434362776577700000 -0.03410106836359390000
0.93939611185708400000 -0.03387503064977520000
0.94444847918734300000 -0.03364564189386420000
0.94950061299550500000 -0.03341268024986860000
0.95455239652052100000 -0.03316917508319220000
0.95960312919610000000 -0.03290663786560800000
0.96465257750014600000 -0.03262031642244150000
0.96970085819370600000 -0.03231444917975360000
0.97474902212621900000 -0.03200743767879040000
0.97979858719131300000 -0.03172321793449710000
0.98484885282269800000 -0.03145218051258100000
0.98989946873722900000 -0.03118572012376670000
0.99494985112966300000 -0.03091601377780370000
1.00000000000000000000 -0.03064432249401600000