Airfoil 175
1.00000000000000000000 -0.02110882111096810000
0.99479182383017600000 -0.02085107554885080000
0.98958489200648300000 -0.02056999849676070000
0.98438082909192800000 -0.02024007048944320000
0.97918001530338300000 -0.01986232156897390000
0.97398258890153200000 -0.01944048131723160000
0.96878834249535000000 -0.01898094429072740000
0.96359696499830600000 -0.01848982506809250000
0.95840828358454800000 -0.01797138899134580000
0.95322212542822300000 -0.01742808673106370000
0.94803852509450400000 -0.01686089993808340000
0.94285748258338800000 -0.01627073076335070000
0.93767903246004800000 -0.01565844333612380000
0.93250307102897100000 -0.01502527854601750000
0.92732956372498700000 -0.01437235976106760000
0.92215840685258600000 -0.01370112143584270000
0.91698949671625700000 -0.01301293235108800000
0.91182269505531700000 -0.01230892278787320000
0.90665796730459800000 -0.01158983244084340000
0.90149531346409800000 -0.01085615559193420000
0.89633466440347700000 -0.01010830011015570000
0.89117605468790600000 -0.00934673953834136000
0.88601938062187400000 -0.00857196815842683000
0.88086464220537900000 -0.00778457012179072000
0.87571170117774200000 -0.00698541992724239000
0.87056052297379200000 -0.00617493581334283000
0.86541090020250700000 -0.00535479419085304000
0.86026279829871600000 -0.00452502962494336000
0.85511604443656800000 -0.00368697287467150000
0.84997056948572200000 -0.00284096820913394000
0.84482637344617900000 -0.00198748640595057000
0.83968338718759700000 -0.00112657689331498000
0.83454164527514700000 -0.00025830361679227100
0.82940114770882900000 0.00061738236789874600
0.82426192905381300000 0.00150042783039576000
0.81912392017975800000 0.00239063135945126000
0.81398708652149500000 0.00328752995460867000
0.80885132438351200000 0.00419041527183242000
0.80371646093995800000 0.00509844920943752000
0.79858242706049100000 0.00601124864707603000
0.79344915361477200000 0.00692832794410480000
0.78831653690728900000 0.00784911159043785000
0.78318454237287200000 0.00877307903461000000
0.77805292805532900000 0.00969953136887718000
0.77292179765017000000 0.01062835038035690000
0.76779097833154400000 0.01155911195440910000
0.76266050466462200000 0.01249159176307840000
0.75753027295389100000 0.01342558967402870000
0.75240031776452400000 0.01436099646132160000
0.74727060453134900000 0.01529767075341040000
0.74214109868919500000 0.01623552510041440000
0.73701180023806400000 0.01717447965679000000
0.73188267461278500000 0.01811449640084980000
0.72675375637852700000 0.01905556738260470000
0.72162501097012100000 0.01999760065870150000
0.71649643838756700000 0.02094054092486790000
0.71136803863086400000 0.02188437124417020000
0.70623977713484300000 0.02282906569273080000
0.70111165389950200000 0.02377450018158810000
0.69598366892484400000 0.02472057620000680000
0.69085575308052600000 0.02566718175683490000
0.68572790636654800000 0.02661411395452270000
0.68060009421774100000 0.02756110387604490000
0.67547221293859400000 0.02850790230652350000
0.67034426252910500000 0.02945418295075050000
0.66521617385893500000 0.03039972528293930000
0.66008787779774400000 0.03134421164917440000
0.65495933978036000000 0.03228744848450220000
0.64983055980678300000 0.03322922874355230000
0.64470146874667400000 0.03416943455909380000
0.63957206660003200000 0.03510781291407990000
0.63444228423651600000 0.03604422485652600000
0.62931219078646700000 0.03697884632314900000
0.62418171711954500000 0.03791145264034180000
0.61905079410540800000 0.03884155298268560000
0.61391945630922700000 0.03976938584985570000
0.60878766916583200000 0.04069461595970010000
0.60365536354488200000 0.04161700481254320000
0.59852243575086600000 0.04253603393083030000
0.59338864382759200000 0.04345006146897070000
0.58825384951437800000 0.04435864844930100000
0.58311812194156600000 0.04526182252395770000
0.57798149567432400000 0.04615979108396270000
0.57284390158231400000 0.04705233291222590000
0.56770537423070500000 0.04793949294346860000
0.56256594818466700000 0.04882131611241240000
0.55742558887903000000 0.04969784389726170000
0.55228433087896400000 0.05056884816789220000
0.54714217418447000000 0.05143465383690500000
0.54199908423037700000 0.05229499475248870000
0.53685513014702600000 0.05314998152318820000
0.53171020823890600000 0.05399937564932830000
0.52656442220152700000 0.05484333267417550000
0.52141773746972000000 0.05568170396749740000
0.51627008491314300000 0.05651424757310160000
0.51112149909696800000 0.05734097731705630000
0.50597194545602300000 0.05816168580833950000
0.50082142399030900000 0.05897634193829790000
0.49566990013465600000 0.05978449981623430000
0.49051737388906200000 0.06058629424631290000
0.48536377612318900000 0.06138135538121110000
0.48020914140220600000 0.06216954496024780000
0.47505343516094300000 0.06295057954902620000
0.46989662283422900000 0.06372436582158630000
0.46473870442206400000 0.06449065836521880000
0.45957971448961900000 0.06524971641870130000
0.45441930738519100000 0.06599921374607050000
0.44925800158633400000 0.06674244440805880000
0.44409545144134500000 0.06747690588633440000
0.43893162238505400000 0.06820247028976710000
0.43376658354780200000 0.06891916181397600000
0.42860023123407600000 0.06962650000309360000
0.42343256544387900000 0.07032413229238250000
0.41826358617720900000 0.07101192042116140000
0.41309325886889600000 0.07168934245535830000
0.40792144525825800000 0.07235558956998750000
0.40274814534529700000 0.07301015365704510000
0.39757342826035200000 0.07365344258554110000
0.39239701748206100000 0.07428281557646220000
0.38721870561940100000 0.07489645795836600000
0.38203876919373700000 0.07549608762021810000
0.37685713907472600000 0.07608091993265180000
0.37167388439270900000 0.07665144917760300000
0.36648910884319800000 0.07720765807248640000
0.36130281242619300000 0.07774961229112570000
0.35611502970686300000 0.07827730837700380000
0.35092579525037900000 0.07879051474347960000
0.34573521275225300000 0.07928949408584750000
0.34054324764731300000 0.07977419455635210000
0.33534989993556000000 0.08024392485158670000
0.33015520418216400000 0.08069822871130290000
0.32495919495229600000 0.08113774213463500000
0.31976211420214800000 0.08156416918448010000
0.31456365084518600000 0.08197300601914420000
0.30936404683760300000 0.08236727017799710000
0.30416306022320700000 0.08274330812253510000
0.29896107121887200000 0.08310481486946620000
0.29375794156391600000 0.08344964737823010000
0.28855363669316800000 0.08377609812941250000
0.28334832943248100000 0.08408592649018310000
0.27814195065151400000 0.08437798489688710000
0.27293456948060700000 0.08465058311269520000
0.26772618591976000000 0.08490375224626080000
0.26251679996897400000 0.08513588501716350000
0.25730663284533900000 0.08534924198754290000
0.25209557739682600000 0.08553975138033420000
0.24688374077546300000 0.08570761713004220000
0.24167124395934800000 0.08585336117073890000
0.23645807657892700000 0.08597286333412110000
0.23124438726443500000 0.08606671122808420000
0.22603027971138200000 0.08613324226793560000
0.22081587489786400000 0.08617020280456950000
0.21560134910625000000 0.08617656279591030000
0.21038688553194300000 0.08614990959306870000
0.20517271576158300000 0.08608844580718780000
0.19995911977305100000 0.08598990741961080000
0.19474643630501500000 0.08585129763007020000
0.18953549146504700000 0.08565876271829760000
0.18432723233881400000 0.08540345054417160000
0.17912238133837500000 0.08508619412829700000
0.17392155026724600000 0.08470870444660520000
0.16872542005928100000 0.08427123728135670000
0.16353473040912700000 0.08377338822005860000
0.15835008275074600000 0.08321613545703120000
0.15317237232205000000 0.08259770579903660000
0.14800240449150900000 0.08191759805110510000
0.14284108486658400000 0.08117472341037120000
0.13768947459800400000 0.08036725683584140000
0.13254871433639200000 0.07949339748214160000
0.12742025927541700000 0.07855001374484000000
0.12230564756515900000 0.07753428164952040000
0.11720663511627000000 0.07644293478758680000
0.11212535805627900000 0.07527187027332100000
0.10706373129562000000 0.07401855102322060000
0.10202381491844500000 0.07268063351873750000
0.09700771048711070000 0.07125605076268570000
0.09201750573790470000 0.06974324386588340000
0.08705556838499460000 0.06814016311373010000
0.08212451846829150000 0.06644447190071140000
0.07722765004852780000 0.06465250631877240000
0.07236784586090900000 0.06276234454444260000
0.06754999342051980000 0.06076768880368800000
0.06277807463498230000 0.05866553192668990000
0.05805601610764590000 0.05645366865558110000
0.05338795874591620000 0.05413000779755680000
0.04877764595773990000 0.05169380965797180000
0.04423131675636160000 0.04914024548253100000
0.03976110351656710000 0.04645576226794800000
0.03538659777689960000 0.04361820719655830000
0.03113556573868520000 0.04059902943766930000
0.02703012565441800000 0.03738471400968180000
0.02307447027925930000 0.03398765598267620000
0.01925370202479660000 0.03043935425072270000
0.01555934896778200000 0.02675966581287240000
0.01205142315694280000 0.02290261691867610000
0.00887400950479967000 0.01877047178381200000
0.00610076984584314000 0.01435656105866480000
0.00370056787463987000 0.00972879078556159000
0.00169577071291044000 0.00491685797624315000
0.00000000000000000000 0.00000000000000000000
0.00202984308415060000 -0.00466494597792246000
0.00542846345685508000 -0.00845359973263149000
0.00941013603572131000 -0.01165258550757760000
0.01367293751443310000 -0.01446641850256980000
0.01806271414635250000 -0.01707988757470960000
0.02254031741956350000 -0.01953964533439160000
0.02711569519008720000 -0.02181219467504890000
0.03178278818356470000 -0.02389005223730500000
0.03651351565561990000 -0.02581912748039230000
0.04128142488139910000 -0.02765462789436210000
0.04607144890315560000 -0.02943170280092290000
0.05088101261569960000 -0.03115517749785290000
0.05571090410491470000 -0.03282079701268440000
0.06056293112920920000 -0.03442079109512730000
0.06543728379701990000 -0.03595136448947920000
0.07033145613349790000 -0.03741741162385890000
0.07524350903258760000 -0.03882241666743570000
0.08017015880310770000 -0.04017536656449550000
0.08510940757821310000 -0.04148158435126900000
0.09005919873026920000 -0.04274729175841560000
0.09501810126122430000 -0.04397680943222660000
0.09998592506264160000 -0.04516975715582850000
0.10496235559147100000 -0.04632630775507270000
0.10994743778243400000 -0.04744497492763520000
0.11494063933190800000 -0.04852679562862590000
0.11994182543572800000 -0.04957107855463800000
0.12495042231206600000 -0.05057924087765530000
0.12996608430922000000 -0.05155166281455130000
0.13498826184098200000 -0.05248986523282040000
0.14001647099496600000 -0.05339516160893540000
0.14505046981498000000 -0.05426769020357740000
0.15008959119323700000 -0.05511014710003230000
0.15513386623839000000 -0.05592114969148680000
0.16018293547266800000 -0.05670180406339150000
0.16523659841808300000 -0.05745211021574650000
0.17029474792260700000 -0.05817151510582630000
0.17535731139938200000 -0.05885922373471340000
0.18042422663110200000 -0.05951406088661670000
0.18549549361776600000 -0.06013429830301950000
0.19057104668555100000 -0.06071841511642740000
0.19565051598713400000 -0.06126748284712060000
0.20073241522019200000 -0.06179356473954440000
0.20581643675470800000 -0.06229876926908870000
0.21090243887348400000 -0.06278364947847900000
0.21599026257673600000 -0.06324900036663280000
0.22107979725592000000 -0.06369527128076430000
0.22617091847642100000 -0.06412308439393970000
0.23126352599924700000 -0.06453278535786200000
0.23635751612888600000 -0.06492489265008640000
0.24145278516982700000 -0.06530009757401930000
0.24654923288307700000 -0.06565891860721580000
0.25164675902964100000 -0.06600201248791210000
0.25674532904434900000 -0.06632927552059730000
0.26184482886213800000 -0.06664171009521080000
0.26694511676581200000 -0.06694111360060990000
0.27204624460312400000 -0.06722582690861870000
0.27714813287418300000 -0.06749616110577020000
0.28225074701382000000 -0.06775329140785560000
0.28735391419618200000 -0.06799811650930350000
0.29245770355160900000 -0.06823049814943260000
0.29756197681942200000 -0.06845174980471540000
0.30266676856478900000 -0.06866041973799810000
0.30777197509220000000 -0.06885896207637400000
0.31287759640165500000 -0.06904675464677730000
0.31798356336281400000 -0.06922400484022990000
0.32308991054084600000 -0.06939116200394620000
0.32819653424024000000 -0.06954832983343700000
0.33330350359133800000 -0.06969564658938380000
0.33841071489862900000 -0.06983321596729750000
0.34351816816211100000 -0.06996117622785940000
0.34862586338178600000 -0.07007931998004760000
0.35373376599248300000 -0.07018837309243900000
0.35884184142903200000 -0.07028864665156650000
0.36395015882177300000 -0.07037637305386420000
0.36905861447519500000 -0.07045552729392010000
0.37416717382412800000 -0.07052690437065170000
0.37927583686857300000 -0.07058887972105350000
0.38438467273886800000 -0.07064027812933440000
0.38949357773950500000 -0.07068016633589530000
0.39460255187048200000 -0.07070816412386260000
0.39971159513180000000 -0.07072430605840680000
0.40482063839311800000 -0.07072931800810460000
0.40992971621960600000 -0.07072447888425840000
0.41503875948092400000 -0.07070761108113730000
0.42014773361190100000 -0.07067740112226890000
0.42525663861253700000 -0.07063647596059800000
0.43036543991766300000 -0.07058618363776780000
0.43547417209244800000 -0.07052652415377810000
0.44058273144138100000 -0.07045656424903000000
0.44569118709480300000 -0.07037661501005660000
0.45079946992237400000 -0.07028736774026430000
0.45590757992409300000 -0.07018923722169720000
0.46101551709996000000 -0.07008184323748170000
0.46612328144997600000 -0.06996594622136500000
0.47123083840896900000 -0.06984209921607230000
0.47633818797694100000 -0.06970954178785650000
0.48144533015389100000 -0.06956941458733840000
0.48655229950498900000 -0.06942327304718280000
0.49165902689989400000 -0.06926897412682930000
0.49676551233860800000 -0.06910665608695930000
0.50187179038629900000 -0.06893752870853430000
0.50697782647779800000 -0.06876190307808720000
0.51208362061310500000 -0.06857957180459600000
0.51718917279222000000 -0.06839036206220920000
0.52229448301514200000 -0.06819444667677830000
0.52739955128187200000 -0.06799227499551780000
0.53250434302723900000 -0.06778346680155380000
0.53760889281641400000 -0.06756833318141940000
0.54271316608422600000 -0.06734690870028500000
0.54781712826550600000 -0.06711933161883180000
0.55292084849059300000 -0.06688556737188950000
0.55802429219431700000 -0.06664558139428780000
0.56312739024633800000 -0.06639933912085630000
0.56823024634216700000 -0.06614687511676550000
0.57333272222112200000 -0.06588805112133390000
0.57843488701354400000 -0.06562265974353960000
0.58353670615426300000 -0.06535028620133860000
0.58863811051293800000 -0.06507079223404960000
0.59373913465473900000 -0.06478431610235400000
0.59883967488415600000 -0.06448930237358680000
0.60393973120118800000 -0.06418575104774810000
0.60903919991032400000 -0.06387307451694220000
0.61413808101156500000 -0.06355075430361430000
0.61923637450491000000 -0.06321885953810490000
0.62433404582518900000 -0.06287787413279880000
0.62943112953757300000 -0.06252821286973970000
0.63452762564206100000 -0.06217015227029050000
0.63962349957348300000 -0.06180324298723680000
0.64471871676666900000 -0.06142765784643020000
0.64981341548230000000 -0.06104446836815100000
0.65490745745969400000 -0.06065305237933330000
0.66000080813368200000 -0.06025247662037800000
0.66509346750426400000 -0.05984339782952160000
0.67018547013660900000 -0.05942650731017060000
0.67527688516105800000 -0.05900215071402830000
0.68036750518659000000 -0.05856846152189680000
0.68545743390871500000 -0.05812640755854550000
0.69054660219709400000 -0.05767633447567760000
0.69563507918206500000 -0.05721803488227120000
0.70072283029845900000 -0.05675164703900750000
0.70580982098110700000 -0.05627737833690860000
0.71089608579517700000 -0.05579536703665570000
0.71598159017550000000 -0.05530519835620490000
0.72106636868724600000 -0.05480773642481450000
0.72615038676524500000 -0.05430246276492950000
0.73123364440949700000 -0.05378961933274220000
0.73631614162000100000 -0.05326910243274160000
0.74139784383158800000 -0.05274108489077940000
0.74647875104425700000 -0.05220556670685560000
0.75155889782317900000 -0.05166254788097010000
0.75663821503801300000 -0.05111209754346370000
0.76171673725392900000 -0.05055428482467700000
0.76679442990575800000 -0.04998914428978030000
0.77187132755866800000 -0.04941664137360330000
0.77694739564749100000 -0.04883681064131630000
0.78202259960705600000 -0.04824961752774900000
0.78709693943736300000 -0.04765488920704980000
0.79217044970358100000 -0.04705324785228450000
0.79724295757986000000 -0.04644334542181030000
0.80231460132688100000 -0.04582587321903390000
0.80738520811879200000 -0.04520041646191120000
0.81245474339042200000 -0.04456604189084340000
0.81752327627211300000 -0.04392364820025900000
0.82259084132903500000 -0.04327378843288330000
0.82765747312635800000 -0.04261687737076020000
0.83272327535959300000 -0.04195339892627450000
0.83778828259391000000 -0.04128383701181060000
0.84285256395965000000 -0.04060884836560490000
0.84791618858715500000 -0.03992891690004200000
0.85297922560676300000 -0.03924459565784730000
0.85804170958364600000 -0.03855636855140520000
0.86310374421331500000 -0.03786478862344110000
0.86816539862611000000 -0.03717023609082860000
0.87322670738720300000 -0.03647333312663360000
0.87828773962693200000 -0.03577459820841120000
0.88334863360598000000 -0.03507461894405690000
0.88840942388951700000 -0.03437385850685310000
0.89347014504271300000 -0.03367280426570150000
0.89853093532625000000 -0.03297216480659390000
0.90359193300080900000 -0.03227293906295270000
0.90865320719673100000 -0.03157565588188420000
0.91371489617469700000 -0.03088162528334370000
0.91877713819538800000 -0.03019144524477790000
0.92384003695431500000 -0.02950627024287600000
0.92890383440767100000 -0.02882762460164940000
0.93396880707681800000 -0.02815772049199930000
0.93903502409209600000 -0.02749742895621790000
0.94410283110521100000 -0.02684947718624440000
0.94917215898581900000 -0.02621357829116500000
0.95424335338562500000 -0.02559268759304300000
0.95931648343497000000 -0.02498773835147710000
0.96439165282936500000 -0.02440041734677960000
0.96946903439466000000 -0.02383236988105810000
0.97454931943426300000 -0.02329100327031450000
0.97963281903470700000 -0.02278043422633490000
0.98471984428252500000 -0.02230673239302930000
0.98981080995976000000 -0.02187718756482050000
0.99490543954505000000 -0.02149352108719070000
1.00000000000000000000 -0.02110882111096810000