Airfoil 455
1.00000000000000000000 -0.02890530194811810000
0.99477152730369800000 -0.02864251001474180000
0.98954497071669100000 -0.02834580785992950000
0.98432185330021600000 -0.02799282613592730000
0.97910256810233200000 -0.02758786871899990000
0.97388696773001700000 -0.02713738651044320000
0.96867475739722600000 -0.02664883759720880000
0.96346569144892000000 -0.02612851566136850000
0.95825942596804700000 -0.02558033644422690000
0.95305591182359800000 -0.02500695793329430000
0.94785509988456700000 -0.02440916131159160000
0.94265703928196000000 -0.02378837137833850000
0.93746173001577800000 -0.02314465691694580000
0.93226897556199100000 -0.02248091665686090000
0.92707882505160600000 -0.02179686563824000000
0.92189118022260800000 -0.02109418414154250000
0.91670584455096600000 -0.02037441488040650000
0.91152281803668100000 -0.01963851590948010000
0.90634195328672900000 -0.01888748950131780000
0.90116315203909600000 -0.01812198418522000000
0.89598646342479000000 -0.01734282044901320000
0.89081174005078700000 -0.01655055347308320000
0.88563893278607900000 -0.01574573352471500000
0.88046804163066800000 -0.01492885682708510000
0.87529896832253700000 -0.01410038029856420000
0.87013166373068000000 -0.01326093281604930000
0.86496612785509500000 -0.01241090742760120000
0.85980221330276100000 -0.01155081018259780000
0.85463996920468500000 -0.01068108326010770000
0.84947924816784300000 -0.00980214427369509000
0.84432005019223700000 -0.00891430274870792000
0.83916227701585100000 -0.00801827108475615000
0.83400592863868600000 -0.00711402962943674000
0.82885095592973200000 -0.00620205495352330000
0.82369730975798300000 -0.00528261236445676000
0.81854489186142400000 -0.00435606690562351000
0.81339375137106200000 -0.00342271581961944000
0.80824379002488200000 -0.00248281409637391000
0.80309500782288500000 -0.00153656562956842000
0.79794715911003100000 -0.00058501297918392900
0.79280014562430600000 0.00037081478617325700
0.78765381997268800000 0.00133052949223841000
0.78250818215517600000 0.00229386351258700000
0.77736318304076200000 0.00326045629440675000
0.77221877349844000000 0.00423015376285789000
0.76707480613518500000 0.00520257456305953000
0.76193137921301400000 0.00617757542899353000
0.75678839446991200000 0.00715489090582593000
0.75164580277487000000 0.00813434947720923000
0.74650360412788900000 0.00911572268395816000
0.74136170026695300000 0.01009882677610430000
0.73622009119206300000 0.01108349470822200000
0.73107877690321900000 0.01206954960868380000
0.72593770826941200000 0.01305677874022690000
0.72079678702862800000 0.01404496052200710000
0.71565601318086700000 0.01503402273144330000
0.71051538672612800000 0.01602370841336570000
0.70537485853340500000 0.01701386919213150000
0.70023433034068200000 0.01800418620750140000
0.69509385127896600000 0.01899462654170030000
0.68995337221725000000 0.01998500398820950000
0.68481284402452700000 0.02097510040535540000
0.67967216843878100000 0.02196471091683620000
0.67453139459102000000 0.02295364636827280000
0.66939047335023600000 0.02394173037934790000
0.66424935558542200000 0.02492880130904660000
0.65910799216556900000 0.02591471323827630000
0.65396638309067900000 0.02689933203938640000
0.64882452836075100000 0.02788253979795860000
0.64368237884477800000 0.02886423284756690000
0.63853983628074300000 0.02984407021901870000
0.63339690066864900000 0.03082177776129160000
0.62825362113950000000 0.03179744980592020000
0.62310989943128400000 0.03277104311761790000
0.61796578467500700000 0.03374237689427670000
0.61282117860865400000 0.03471112932779690000
0.60767598297021000000 0.03567684104325760000
0.60253014862866800000 0.03663893475131970000
0.59738367558402600000 0.03759780153480360000
0.59223656383628700000 0.03855330038771730000
0.58708871512343300000 0.03950481569853610000
0.58194008031445800000 0.04045190332295110000
0.57679056114734700000 0.04139428960125030000
0.57164020675310600000 0.04233187283224780000
0.56648896800072900000 0.04326472278197450000
0.56133689402122300000 0.04419298831738340000
0.55618388655257300000 0.04511611081891810000
0.55102994559477900000 0.04603385052726170000
0.54587497288582500000 0.04694611655005010000
0.54071911581873500000 0.04785306512388750000
0.53556227613149300000 0.04875452772941790000
0.53040445382410000000 0.04965018747164220000
0.52524559976554700000 0.05053987632251460000
0.52008566482482700000 0.05142349749395010000
0.51492469813294800000 0.05230098711563890000
0.50976269968991000000 0.05317224201246500000
0.50459957123369700000 0.05403706074729740000
0.49943536189531700000 0.05489508466378050000
0.49426987515074000000 0.05574574875532730000
0.48910330752399600000 0.05658949520100600000
0.48393565901508500000 0.05742660896066060000
0.47876678223098500000 0.05825637272158020000
0.47359667717169500000 0.05907817725927100000
0.46842534383721500000 0.05989243036109570000
0.46325283135855300000 0.06069895024232640000
0.45807904147369400000 0.06149742737761530000
0.45290397418263800000 0.06228760137262210000
0.44772762948538500000 0.06306927570331650000
0.44255000738193400000 0.06384226367186970000
0.43737105874127800000 0.06460637858045290000
0.43219073443241000000 0.06536142881813640000
0.42700908358633800000 0.06610716381678160000
0.42182610620306000000 0.06684327405104070000
0.41664170402056200000 0.06756954825758110000
0.41145597530086000000 0.06828647283337790000
0.40626882178193700000 0.06899275071983070000
0.40107999780875700000 0.06968674094128620000
0.39588940511930400000 0.07036740192038370000
0.39069719110660000000 0.07103563766766260000
0.38550355229467600000 0.07169261750110360000
0.38030848868353200000 0.07233819894078460000
0.37511111591503200000 0.07296507620587760000
0.36991202356126600000 0.07357729769140770000
0.36471140814626500000 0.07417665176605090000
0.35950922053902100000 0.07476196419872610000
0.35430531334651200000 0.07533201654044500000
0.34909983396176000000 0.07588755066942230000
0.34389283151577300000 0.07642837988782900000
0.33868425687754300000 0.07695418975721670000
0.33347420830908500000 0.07746479357975650000
0.32826263667939200000 0.07796003413622410000
0.32304964025048000000 0.07843970016328690000
0.31783521902234700000 0.07890349687489940000
0.31261937299499400000 0.07935113931121770000
0.30740215129942900000 0.07978243586131200000
0.30218355393565200000 0.08019702295572630000
0.29696363003466900000 0.08059436997957870000
0.29174237959648200000 0.08097392175248340000
0.28651999914512000000 0.08133756981823250000
0.28129629215655400000 0.08168181604908580000
0.27607140602380500000 0.08200780519752020000
0.27084538987788200000 0.08231480029842180000
0.26561829284979300000 0.08260231495481540000
0.26039006580852800000 0.08286965150639360000
0.25516090527812000000 0.08311650534090900000
0.24993071299655200000 0.08334217879805410000
0.24469963635684700000 0.08354553203845290000
0.23946772449001400000 0.08372625062365670000
0.23423507565806700000 0.08388328806320410000
0.22900173899201400000 0.08401576491205920000
0.22376776362286200000 0.08412184858363900000
0.21853334607464100000 0.08420203038801950000
0.21329858460936800000 0.08425339685645080000
0.20806362662006400000 0.08427500467358710000
0.20282861949975300000 0.08426644113896490000
0.19759375977246400000 0.08422578031708660000
0.19235929309323700000 0.08414946020990240000
0.18712571077214500000 0.08402689799837820000
0.18189345498825900000 0.08385776450476310000
0.17666291878963800000 0.08364032540448940000
0.17143474087938100000 0.08337364720841300000
0.16620931430554900000 0.08305634933522060000
0.16098737603325600000 0.08268687924507260000
0.15576951563459200000 0.08226383179115190000
0.15055637181265700000 0.08178548247509240000
0.14534887805659300000 0.08124990044829590000
0.14014767306950100000 0.08065587217487500000
0.13495413251959300000 0.07999837646585430000
0.12976904250298900000 0.07927722171030440000
0.12459372955689500000 0.07848903260800410000
0.11943006065959800000 0.07762769234850880000
0.11427970626535800000 0.07669038081198330000
0.10914458248346900000 0.07567282360076730000
0.10402680194725800000 0.07457139484650120000
0.09892852642105910000 0.07338286664198650000
0.09385211419323570000 0.07210431569227190000
0.08879987442114470000 0.07073321175046660000
0.08377441104818790000 0.06926724074611330000
0.07877891758985880000 0.06770192684442100000
0.07381648929963500000 0.06603504441074600000
0.06889218667129810000 0.06425863913496020000
0.06400949800638650000 0.06237088334358120000
0.05917476120487900000 0.06036362128935000000
0.05439279110551890000 0.05823367910917620000
0.04966810776100410000 0.05597947478461580000
0.04500832647751070000 0.05359411032220360000
0.04041742686665280000 0.05107871573511410000
0.03591402958030570000 0.04840995526867410000
0.03151989965483010000 0.04556519525030900000
0.02726770921027060000 0.04251268820553660000
0.02318708424420170000 0.03923439470230170000
0.01928794922015580000 0.03574208653002190000
0.01556180447382040000 0.03206559456257310000
0.01200240545413140000 0.02822764041703380000
0.00869977490628876000 0.02416772073149190000
0.00581010521650929000 0.01980589542612430000
0.00340579583757188000 0.01515810751289260000
0.00146919399845090000 0.01029691562904030000
0.00019827309421434300 0.00522587882475682000
0.00000000000000000000 0.00000000000000000000
0.00050411361643767700 -0.00507952443149897000
0.00304534128731591000 -0.00947399827402771000
0.00673836682143753000 -0.01301651096640940000
0.01090087843785010000 -0.01599655714464340000
0.01524992083766400000 -0.01870102750132720000
0.01971470115204840000 -0.02120975501068720000
0.02429194234279730000 -0.02350679666076190000
0.02896631553554390000 -0.02559954666819300000
0.03370691732651660000 -0.02753809409521440000
0.03848412171814080000 -0.02938476653804990000
0.04328653031665680000 -0.03116496964072210000
0.04811090047556360000 -0.03288462860274610000
0.05295728132586900000 -0.03454135565715300000
0.05782773636989160000 -0.03612582082560240000
0.06272138124949490000 -0.03763728222987960000
0.06763595593832980000 -0.03907912008330650000
0.07256846344493360000 -0.04045844364268100000
0.07751472763366150000 -0.04178761918261230000
0.08247469937350600000 -0.04306463233178960000
0.08744449731486760000 -0.04430292042078740000
0.09242412145774640000 -0.04550127482681930000
0.09741219613393020000 -0.04666365059599600000
0.10240872134341900000 -0.04778929111080050000
0.10741345143117400000 -0.04887791141138890000
0.11242604248014300000 -0.04992975715279920000
0.11744615057327300000 -0.05094509855557290000
0.12247353005552500000 -0.05192378822668750000
0.12750705091372600000 -0.05287044448085600000
0.13254681140989000000 -0.05378329860180520000
0.13759246762696500000 -0.05466274363759590000
0.14264328259983600000 -0.05551246441379710000
0.14769778239827600000 -0.05633958492650860000
0.15275763747654300000 -0.05713368940212230000
0.15782137390440900000 -0.05790229488479880000
0.16288899168187500000 -0.05864495919546990000
0.16796029428490900000 -0.05936212451320380000
0.17303513432049000000 -0.06005374170699300000
0.17811336439559400000 -0.06072010556288290000
0.18319493537921400000 -0.06136067563979010000
0.18827945422328900000 -0.06197702412995740000
0.19336731397588000000 -0.06256546620781580000
0.19845718809978200000 -0.06313617199193560000
0.20354927311902600000 -0.06368648840790720000
0.20864322511655700000 -0.06421965810223130000
0.21373899496136900000 -0.06473479671677130000
0.21883653352245500000 -0.06523234643059550000
0.22393574253779800000 -0.06571260202974930000
0.22903652374538400000 -0.06617561264524050000
0.23413882801420600000 -0.06662152567009170000
0.23924260621325500000 -0.06705073415236360000
0.24434771094950800000 -0.06746348374709420000
0.24945404396095200000 -0.06786056055040490000
0.25456160524758500000 -0.06824191543128790000
0.25967024741638500000 -0.06860799056881180000
0.26477997046735100000 -0.06895912988002940000
0.26989067613847000000 -0.06929548075796370000
0.27500231529873200000 -0.06961743625067520000
0.28011478968612400000 -0.06992563506126270000
0.28522814843165200000 -0.07021860325949840000
0.29034214588027900000 -0.07050071350505770000
0.29545688029402000000 -0.07076916533050800000
0.30057220427985100000 -0.07102538353506930000
0.30568816696878100000 -0.07126956464277210000
0.31080467009879500000 -0.07150185604663910000
0.31592161540787700000 -0.07172299471178400000
0.32103910115804200000 -0.07193307890022200000
0.32615697995626900000 -0.07213225600497600000
0.33127525180255500000 -0.07232072255007620000
0.33639396582791000000 -0.07249852766653020000
0.34151297463931100000 -0.07266601527139110000
0.34663232736776500000 -0.07282284144760580000
0.35175197488226400000 -0.07296969402928060000
0.35687196631381600000 -0.07310563952727130000
0.36199215426939900000 -0.07323283970591160000
0.36711253874901200000 -0.07334967324195130000
0.37223321801467000000 -0.07345550143229170000
0.37735409380435900000 -0.07355037340794040000
0.38247516611807800000 -0.07363468221695810000
0.38759638582482000000 -0.07370896830042830000
0.39271775292458500000 -0.07377337905137360000
0.39783921828636400000 -0.07382766881475620000
0.40296083104116700000 -0.07387100236344710000
0.40808249292697700000 -0.07390392013852980000
0.41320420394379500000 -0.07392720823612560000
0.41832591496061300000 -0.07394160362134830000
0.42344767510843800000 -0.07394622193606140000
0.42856943525626400000 -0.07394062100119660000
0.43369119540408900000 -0.07392553778186770000
0.43881290642090700000 -0.07390166011218080000
0.44393456830671700000 -0.07386859494407540000
0.44905613193051200000 -0.07382614575352100000
0.45417764642329900000 -0.07377411601648740000
0.45929906265407200000 -0.07371314443607310000
0.46442033149182100000 -0.07364372232235390000
0.46954150206755600000 -0.07356584967533000000
0.47466252525026700000 -0.07347957562600890000
0.47978345017096400000 -0.07338504756741330000
0.48490417856763000000 -0.07328231463055080000
0.49002475957127300000 -0.07317157333945180000
0.49514514405088600000 -0.07305302021814660000
0.50026533200646900000 -0.07292680265965800000
0.50538537256902800000 -0.07279301892600110000
0.51050516747655000000 -0.07265191467221390000
0.51562476586004200000 -0.07250358816031150000
0.52074416771950300000 -0.07234799025928640000
0.52586337305493400000 -0.07218487531410070000
0.53098228360432000000 -0.07201389940770110000
0.53610094849866700000 -0.07183643820830020000
0.54121941686898400000 -0.07165249171589800000
0.54633763958426300000 -0.07146176514444880000
0.55145556751349700000 -0.07126411110093010000
0.55657324978769300000 -0.07105948045433410000
0.56169063727584300000 -0.07084806972869120000
0.56680777910895500000 -0.07063027197206210000
0.57192462615602200000 -0.07040643110150000000
0.57704117841704300000 -0.07017517144879230000
0.58215738676101100000 -0.06993644388293160000
0.58727325118792600000 -0.06969088710701640000
0.59238882082879600000 -0.06943859938306190000
0.59750399742160500000 -0.06917894200796950000
0.60261873183534500000 -0.06891083409957230000
0.60773297493901000000 -0.06863348956174900000
0.61284682499461400000 -0.06834936494487870000
0.61796028200215700000 -0.06805782154586290000
0.62307329683063200000 -0.06775812239958790000
0.62818577121802400000 -0.06744987445799290000
0.63329775429534000000 -0.06713312685208550000
0.63840919693157200000 -0.06680817436791120000
0.64352014825772800000 -0.06647570483957620000
0.64863065740481700000 -0.06613675001823990000
0.65374057697981400000 -0.06578860769848500000
0.65884985785171200000 -0.06543073743922800000
0.66395850002051200000 -0.06506446577767380000
0.66906655261722100000 -0.06469003836886040000
0.67417396651083100000 -0.06430735695077250000
0.67928079083235000000 -0.06391593021333420000
0.68438682905774800000 -0.06351531597747740000
0.68949217944904000000 -0.06310566163622470000
0.69459684200622500000 -0.06268716371360650000
0.69970071846728900000 -0.06225962568559250000
0.70480395622525500000 -0.06182412843434950000
0.70990645701810600000 -0.06138047543584730000
0.71500812258382900000 -0.06092729102187340000
0.72010905118443800000 -0.06046575433660980000
0.72520924281993300000 -0.05999611103509450000
0.73030859922829900000 -0.05951757502120620000
0.73540721867155200000 -0.05903112891509650000
0.74050505201868200000 -0.05853657619273500000
0.74560205013868500000 -0.05803372033009160000
0.75069826216256500000 -0.05752275785119640000
0.75579368809032400000 -0.05700383614907230000
0.76088827879095500000 -0.05647720087875720000
0.76598213252647100000 -0.05594285204025110000
0.77107510190385100000 -0.05540083876456150000
0.77616733431611700000 -0.05485155409974920000
0.78125873150125400000 -0.05429450673573830000
0.78634934259027000000 -0.05373053189965780000
0.79143911845215700000 -0.05315913828143170000
0.79652810821792200000 -0.05258062066710570000
0.80161626275655900000 -0.05199463513962660000
0.80670333641302800000 -0.05139946211372890000
0.81179021354546800000 -0.05080276602659610000
0.81687635371279300000 -0.05019978117049220000
0.82196160952198200000 -0.04958932840123520000
0.82704622662807300000 -0.04897352035215140000
0.83213025416207200000 -0.04835300063944010000
0.83721364299297300000 -0.04772729269232760000
0.84229654051379700000 -0.04709739878336890000
0.84737894672454600000 -0.04646373652612820000
0.85246086162521900000 -0.04582616835378450000
0.85754238347783200000 -0.04518535262183940000
0.86262356141339100000 -0.04454175116176410000
0.86770434630089000000 -0.04389543767007010000
0.87278488553335000000 -0.04324690345683310000
0.87786522824178000000 -0.04259676265964810000
0.88294537442618000000 -0.04194518723704160000
0.88802542234856500000 -0.04129255549777200000
0.89310537200893500000 -0.04063941770912430000
0.89818532166930400000 -0.03998643713970080000
0.90326541872269700000 -0.03933431144980940000
0.90834566316911200000 -0.03868370390805230000
0.91342620240157300000 -0.03803515986861390000
0.91850718381310200000 -0.03738996656389280000
0.92358865653470600000 -0.03674885113280140000
0.92867081709041800000 -0.03611328259246640000
0.93375391113527300000 -0.03548486752683600000
0.93883808606229500000 -0.03486552204520590000
0.94392353839551400000 -0.03425665620749400000
0.94901036639694600000 -0.03365981764043910000
0.95409886485263500000 -0.03307683893062430000
0.95918908289359000000 -0.03250941509781120000
0.96428116791283400000 -0.03195887759230550000
0.96937521817238100000 -0.03142661190852100000
0.97447167585129900000 -0.03091827302543090000
0.97957108139067300000 -0.03044033149673440000
0.98467392610057700000 -0.03000091850418680000
0.98978060302907400000 -0.02960822909985360000
0.99489057173507900000 -0.02926100061683980000
1.00000000000000000000 -0.02890530194811810000