Airfoil 1050
1.00000000000000000000 -0.03276219927289580000
0.99492362594434500000 -0.03184805788887590000
0.98985172493411800000 -0.03090991116105770000
0.98478717249852400000 -0.02993265723606690000
0.97972698660727600000 -0.02893273988090620000
0.97466743972251800000 -0.02793017064881310000
0.96960544331288200000 -0.02693965733915990000
0.96453982586647200000 -0.02596778171879110000
0.95947069388436700000 -0.02501478874019440000
0.95439836686981400000 -0.02407830342924960000
0.94932369683146500000 -0.02315547155696910000
0.94424689677148400000 -0.02224389684901640000
0.93916839269419600000 -0.02134145993386710000
0.93408882360609300000 -0.02044549828448060000
0.92900829600825400000 -0.01955493623993250000
0.92392712940392600000 -0.01866818693410650000
0.91884553679527200000 -0.01778380195229260000
0.91376362468337200000 -0.01690116358821740000
0.90868160607039100000 -0.01601945178355230000
0.90359948095632800000 -0.01513821923375450000
0.89851724934118400000 -0.01425698668395680000
0.89343523072820300000 -0.01337522162875090000
0.88835331861630400000 -0.01249272171608170000
0.88327161950656800000 -0.01160915679259640000
0.87819002689791300000 -0.01072446295764580000
0.87310875379250300000 -0.00983827810755246000
0.86802780019033900000 -0.00895038924015312000
0.86294705959033700000 -0.00806073245479881000
0.85786674499466200000 -0.00716891369748751000
0.85278685640331400000 -0.00627471996605598000
0.84770750031737300000 -0.00537775720650219000
0.84262867673684100000 -0.00447759941449965000
0.83755049216279900000 -0.00357372473474841000
0.83247305309632700000 -0.00266560066184032000
0.82739657253959100000 -0.00175249233831219000
0.82232105049258900000 -0.00083364680151691500
0.81724680645856700000 0.00009184546778257170
0.81217394693860500000 0.00102493765426682000
0.80710268493486800000 0.00196687688560165000
0.80203344645168200000 0.00291923405274104000
0.79696548598147500000 0.00387917090185968000
0.79189773851343200000 0.00483922703218974000
0.78682956504106300000 0.00579769842642522000
0.78176107206544800000 0.00675420807073717000
0.77669215308550700000 0.00770892956188863000
0.77162302110340300000 0.00866213873768102000
0.76655356961805300000 0.00961375753282150000
0.76148379862945900000 0.01056361595028360000
0.75641370813762000000 0.01151172065703500000
0.75134329814253600000 0.01245801887113970000
0.74627246214312600000 0.01340250113530150000
0.74120141314155200000 0.01434517639561150000
0.73612993813565200000 0.01528604667559000000
0.73105814362650700000 0.01622508215493440000
0.72598602961411700000 0.01716219582226080000
0.72091348959740000000 0.01809721802134620000
0.71584063007743900000 0.01903016845489080000
0.71076734455315100000 0.01996106938162060000
0.70569363302453700000 0.02088972388103570000
0.70061949549159600000 0.02181598721816620000
0.69554493195432900000 0.02273974564985680000
0.69046983591165400000 0.02366090332513420000
0.68539431386465100000 0.02457936013298150000
0.68031825931224100000 0.02549499359715500000
0.67524167225442400000 0.02640764183601050000
0.67016444619011600000 0.02731708332729830000
0.66508668762039900000 0.02822324458527200000
0.66000839654527500000 0.02912630772678130000
0.65492946646366100000 0.03002624932158810000
0.64985011037772100000 0.03092297884377310000
0.64477000878420900000 0.03181634080175720000
0.63968937468528900000 0.03270611473830130000
0.63460810157988000000 0.03359201097046340000
0.62952597646581700000 0.03447367804467420000
0.62444310584418300000 0.03535069634667210000
0.61935938321389600000 0.03622295724535380000
0.61427502157711900000 0.03709137451999960000
0.60918991443277100000 0.03795526869370890000
0.60410395527977000000 0.03881380799303400000
0.59901682461487100000 0.03966620004992770000
0.59392862893915500000 0.04051168870671050000
0.58883915525046000000 0.04134955934112470000
0.58374829704770500000 0.04217913141125860000
0.57865605433088800000 0.04299976697563340000
0.57356221409784600000 0.04381086217311620000
0.56846698935074400000 0.04461276739226560000
0.56337027358849900000 0.04540573504064510000
0.55827217331219200000 0.04618917403725150000
0.55317247551966200000 0.04696253803153630000
0.54807118021090600000 0.04772532753342640000
0.54296828738592700000 0.04847708352326030000
0.53786369054364100000 0.04921739597187350000
0.53275749618513100000 0.04994589532051290000
0.52764949130823400000 0.05066225887090110000
0.52253967591294800000 0.05136590512713250000
0.51742826300143900000 0.05205698851577540000
0.51231525257370500000 0.05273651653706200000
0.50720075113082900000 0.05340550095126770000
0.50208507817605400000 0.05406407062470130000
0.49696716869856500000 0.05470625723674850000
0.49184744870268900000 0.05533346447166520000
0.48672613119058800000 0.05594751882300120000
0.48160332266334500000 0.05654887398536420000
0.47647902312095900000 0.05713709223930880000
0.47135312606234800000 0.05771132903125760000
0.46622552498643200000 0.05827081861843390000
0.46109643289537300000 0.05881535545375000000
0.45596574328808900000 0.05934544754736530000
0.45083356266566300000 0.05986085953188940000
0.44569989102809300000 0.06036115049284440000
0.44056483487646300000 0.06084604352741810000
0.43542818120860800000 0.06131535864878240000
0.43029024952777400000 0.06176894462540160000
0.42515082683179700000 0.06220661614539360000
0.42001012612284100000 0.06262808033078380000
0.41486804089982300000 0.06303304536860880000
0.40972467766382600000 0.06342172639105320000
0.40458014291593100000 0.06379356000739540000
0.39943433015505700000 0.06414729802495870000
0.39428713288012200000 0.06448153888950900000
0.38913876409328800000 0.06479525806064090000
0.38398911729347500000 0.06508832667204570000
0.37883840548284600000 0.06536204084188680000
0.37368684166356400000 0.06561964991816460000
0.36853453233671000000 0.06586234564798240000
0.36338115799904100000 0.06607796986786200000
0.35822682515163600000 0.06627361767986120000
0.35307195979882400000 0.06645267049332150000
0.34791645543952100000 0.06661170110343640000
0.34276031207373000000 0.06675140709229040000
0.33760384920469300000 0.06687280448020230000
0.33244685383024800000 0.06697453963842460000
0.32728953895255800000 0.06705760622204880000
0.32213190457162300000 0.06712198825591270000
0.31697416368960600000 0.06716804358365060000
0.31181631630650900000 0.06719594047697150000
0.30665825592124700000 0.06720593879851440000
0.30150030203706700000 0.06719832397117830000
0.29634234815288800000 0.06717321953621760000
0.29118460727087200000 0.06713084808089310000
0.28602697288993700000 0.06707122877539940000
0.28086955151116500000 0.06699460231218110000
0.27571244963563900000 0.06690096443119480000
0.27055566726335700000 0.06679039500825170000
0.26539920439432000000 0.06666297817920640000
0.26024327403069100000 0.06651880127494570000
0.25508776967138900000 0.06635775672937740000
0.24993290431857600000 0.06617995423861530000
0.24477857147117200000 0.06598539486767030000
0.23962487763025700000 0.06577403388608820000
0.23447192929691400000 0.06554579248306850000
0.22931983297222400000 0.06529994112620210000
0.22416858865618600000 0.06503775782846850000
0.21901808984772000000 0.06475836076091190000
0.21386876255115200000 0.06446139527493040000
0.20872050026540100000 0.06414365249293470000
0.20357308998830200000 0.06381479632307150000
0.19842674472201900000 0.06346819387797700000
0.19328135796547100000 0.06310804236527830000
0.18813703621974000000 0.06273180705923250000
0.18299420548915100000 0.06233788085851800000
0.17785265277154200000 0.06192608803635010000
0.17271301707340100000 0.06149183094103500000
0.16757519189364900000 0.06103529914449810000
0.16243939023444700000 0.06055775361954580000
0.15730614460120500000 0.06005341135744580000
0.15217566799608400000 0.05952126698798750000
0.14704817342124900000 0.05896155161851820000
0.14192440638427100000 0.05836868139732830000
0.13680415388298700000 0.05774616447004640000
0.13168837442713100000 0.05708702927586930000
0.12657770702319200000 0.05639016074847260000
0.12147236467333600000 0.05565524044962200000
0.11637405139486600000 0.05487309544115730000
0.11128212818129400000 0.05405062486314610000
0.10619808604776200000 0.05318053445650800000
0.10112330950833100000 0.05225782719049290000
0.09605865057165510000 0.05128100033483940000
0.09100570675395770000 0.05024566817500600000
0.08596586256930030000 0.04914793064138360000
0.08094135454039660000 0.04798270443734630000
0.07593420618779800000 0.04674449091204970000
0.07094718653962640000 0.04542782016994170000
0.06598306462400420000 0.04402721166536170000
0.06104492897229870000 0.04253750542090510000
0.05613799813750900000 0.04094814078931790000
0.05126461514343130000 0.03925896227902090000
0.04643159605928950000 0.03745755825396160000
0.04165257302353150000 0.03551739396965320000
0.03693606612268750000 0.03343018683697750000
0.03229751801359300000 0.03117484751175130000
0.02774459677412480000 0.02875180838836600000
0.02329168005030250000 0.02614931920248580000
0.01895516900869640000 0.02335750091377930000
0.01478288263495600000 0.02032646830911210000
0.01084841317648410000 0.01699323909833630000
0.00719979262109377000 0.01334939490345460000
0.00389623557016848000 0.00939096025209232000
0.00124457163986954000 0.00497904591219028000
0.00000000000000000000 0.00000000000000000000
0.00252343662802244000 -0.00421415833899209000
0.00669114345525291000 -0.00708790897480355000
0.01103297955094030000 -0.00969711092385854000
0.01552391716090260000 -0.01203890995716950000
0.02018845153391360000 -0.01401126738843160000
0.02497311912699780000 -0.01567462258146690000
0.02979026954997760000 -0.01724247825460920000
0.03461945459518090000 -0.01877307984939890000
0.03947196337726010000 -0.02022766097212480000
0.04435610298058190000 -0.02157203477558520000
0.04926963688243210000 -0.02280510429863930000
0.05420819853846440000 -0.02393367496040290000
0.05916380036755660000 -0.02498469153452720000
0.06413314083617830000 -0.02596918753306860000
0.06911483543026860000 -0.02688890957376560000
0.07410739313468460000 -0.02774789404761190000
0.07910751241589600000 -0.02856171141274110000
0.08411370225876010000 -0.02933708188740360000
0.08912798618382770000 -0.03005907401995570000
0.09414674315432340000 -0.03074856202239590000
0.09917018617241080000 -0.03140322417114470000
0.10419767623160000000 -0.03202614899756920000
0.10922868082648200000 -0.03261967952546530000
0.11426309345597700000 -0.03318396485634710000
0.11930048811575700000 -0.03372100721054920000
0.12434054530257800000 -0.03423213785159200000
0.12938305201427600000 -0.03471931639937740000
0.13442758224652500000 -0.03518411906991330000
0.13947392299716200000 -0.03562882498634660000
0.14452186126402300000 -0.03605528726749750000
0.14957129054602700000 -0.03646505017904960000
0.15462178483884700000 -0.03685940238409060000
0.15967334414248300000 -0.03724028220230600000
0.16472586195585400000 -0.03760906349764890000
0.16977923177787800000 -0.03796595927228240000
0.17483334710747300000 -0.03831233274005130000
0.17988799494247700000 -0.03865021807161470000
0.18494317528288800000 -0.03897962591708080000
0.18999888812870800000 -0.03930207924191680000
0.19505481397669100000 -0.03961903711094090000
0.20011116582900000000 -0.03993143673367150000
0.20516794368563600000 -0.04023602982711890000
0.21022482804335400000 -0.04053846094860940000
0.21528213840539800000 -0.04083349024492690000
0.22033998127285000000 -0.04112004205514710000
0.22539825014462800000 -0.04139940504235760000
0.23045673201857000000 -0.04167329387397260000
0.23551563989683900000 -0.04194049443766150000
0.24057486727835200000 -0.04220168834034680000
0.24563430766202900000 -0.04245676908094680000
0.25069417405003200000 -0.04270599226205740000
0.25575425344019800000 -0.04294938983400320000
0.26081454583252800000 -0.04318711089829830000
0.26587515772810200000 -0.04341928325624070000
0.27093608912692100000 -0.04364593885815500000
0.27599712702682200000 -0.04386724810577180000
0.28105848442996800000 -0.04408321099909090000
0.28612005483527700000 -0.04429391273897780000
0.29118183824274900000 -0.04449942787618950000
0.29624383465238500000 -0.04469971381029350000
0.30130604406418400000 -0.04489478119139780000
0.30636835997706400000 -0.04508469392015150000
0.31143088889210700000 -0.04526949459698710000
0.31649373731039600000 -0.04544904477049870000
0.32155658572868500000 -0.04562342964155140000
0.32661975365021800000 -0.04579264921014540000
0.33168302807283300000 -0.04595685257779480000
0.33674640899653000000 -0.04611595454363430000
0.34181010942347100000 -0.04626978470593350000
0.34687380985041300000 -0.04641899272129010000
0.35193772327951700000 -0.04656353598927150000
0.35700174320970400000 -0.04670280745371250000
0.36206586964097200000 -0.04683717986839870000
0.36713010257332200000 -0.04696675973441190000
0.37219454850783500000 -0.04709164290272530000
0.37725910094342900000 -0.04721182937333910000
0.38232365337902400000 -0.04732702094322470000
0.38738841881678100000 -0.04743662120632500000
0.39245329075562100000 -0.04753990595528490000
0.39751826919554200000 -0.04763843010589620000
0.40258335413654500000 -0.04773297111605470000
0.40764843907754700000 -0.04782355028597670000
0.41271363051963200000 -0.04791021021609500000
0.41777892846279800000 -0.04799298285673390000
0.42284422640596400000 -0.04807190015821800000
0.42790963085021100000 -0.04814698342076360000
0.43297503529445800000 -0.04821825394458710000
0.43804054623978700000 -0.04828573302990460000
0.44310616368619800000 -0.04834944197693270000
0.44817167463152800000 -0.04840940208588760000
0.45323729207793800000 -0.04846561335676930000
0.45830301602543000000 -0.04851810773990220000
0.46336873997292300000 -0.04856691718561090000
0.46843446392041600000 -0.04861204169389540000
0.47350018786790800000 -0.04865351321508020000
0.47856601831648200000 -0.04869136369948970000
0.48363184876505600000 -0.04872562509744850000
0.48869767921363000000 -0.04875631870917280000
0.49376350966220400000 -0.04878349778520350000
0.49882944661186000000 -0.04880721557608140000
0.50389527706043400000 -0.04882750403213100000
0.50896121401008900000 -0.04884453355508280000
0.51402715095974500000 -0.04885859169785730000
0.51909308790940100000 -0.04886963586002180000
0.52415902485905700000 -0.04887763409125180000
0.52922496180871200000 -0.04888251184079030000
0.53429089875836800000 -0.04888422650820440000
0.53935683570802400000 -0.04888272484295350000
0.54442277265767900000 -0.04887796424460490000
0.54948870960733500000 -0.04886988081250950000
0.55455464655699000000 -0.04885839999591040000
0.55962047700556500000 -0.04884336204318490000
0.56468641395522000000 -0.04882484150509030000
0.56975235090487600000 -0.04880296618292460000
0.57481818135345000000 -0.04877789582831000000
0.57988401180202400000 -0.04874974759243650000
0.58494994875168000000 -0.04871868122692650000
0.59001577920025300000 -0.04868481388296980000
0.59508150314774600000 -0.04864830531218870000
0.60014733359632000000 -0.04860928331588140000
0.60521305754381200000 -0.04856582022447020000
0.61027878149130500000 -0.04851687232735540000
0.61534439893771600000 -0.04846324903275720000
0.62041001638412600000 -0.04840549349619190000
0.62547563383053700000 -0.04834388262047190000
0.63054114477586600000 -0.04827854420689500000
0.63560654922011400000 -0.04820938240448770000
0.64067195366436200000 -0.04813620551130320000
0.64573735810860900000 -0.04805871532431280000
0.65080265605177500000 -0.04797652843962280000
0.65586784749385900000 -0.04788928275355560000
0.66093293243486200000 -0.04779657356200110000
0.66599791087478300000 -0.04769807071160610000
0.67106278281362200000 -0.04759351859977490000
0.67612744175029800000 -0.04748275747488490000
0.68119210068697500000 -0.04736579798704440000
0.68625654662148700000 -0.04724282118809200000
0.69132077955383700000 -0.04711424243224610000
0.69638501248618700000 -0.04698070072599660000
0.70144903241637300000 -0.04684145056177190000
0.70651283934439600000 -0.04669457492010290000
0.71157643327025600000 -0.04654139441440170000
0.71663992069503500000 -0.04638276105332130000
0.72170319511765000000 -0.04621896238978200000
0.72676625653810100000 -0.04604965762032280000
0.73182921145747200000 -0.04587458049223950000
0.73689195337467800000 -0.04569348605304440000
0.74195437578864000000 -0.04550578854678850000
0.74701658520043900000 -0.04531175422617590000
0.75207858161007500000 -0.04511245875213110000
0.75714036501754700000 -0.04490726311816420000
0.76220193542285600000 -0.04469554961800190000
0.76726318632492000000 -0.04447836196224410000
0.77232422422482100000 -0.04425533804721320000
0.77738494262147700000 -0.04402676542582970000
0.78244555451705200000 -0.04379269734863430000
0.78750574040830000000 -0.04355322966660050000
0.79256581979846600000 -0.04330849018102630000
0.79762557968538700000 -0.04305856409277690000
0.80268512657014500000 -0.04280500631764420000
0.80774467345490400000 -0.04254988297661150000
0.81280411383858000000 -0.04229387567660140000
0.81786355422225700000 -0.04203741042194020000
0.82292299460593300000 -0.04178073216511590000
0.82798243498961000000 -0.04152404325818330000
0.83304187537328600000 -0.04126751410287320000
0.83810131575696300000 -0.04101117664951010000
0.84316075614064000000 -0.04075516934949990000
0.84822030302539700000 -0.04049963065424890000
0.85327984991015600000 -0.04024462446440610000
0.85833939679491400000 -0.03999021468062030000
0.86339894367967200000 -0.03973646520354060000
0.86845859706551200000 -0.03948343993381600000
0.87351825045135200000 -0.03923125602263620000
0.87857790383719100000 -0.03897996672054200000
0.88363766372411300000 -0.03872966787850700000
0.88869742361103400000 -0.03848045534750450000
0.89375728999903700000 -0.03823238237807540000
0.89881726288812200000 -0.03798545962032790000
0.90387723577720600000 -0.03773959122328850000
0.90893720866629100000 -0.03749455353468570000
0.91399728805645800000 -0.03724996315062580000
0.91905726094554200000 -0.03700522366505150000
0.92411723383462700000 -0.03675994102396100000
0.92917731322479300000 -0.03651465838287050000
0.93423717961279600000 -0.03626770367479850000
0.93929693949971700000 -0.03601737288243900000
0.94435648638447600000 -0.03576357015481850000
0.94941582026707100000 -0.03550512398003910000
0.95447483464642100000 -0.03523892452651750000
0.95953310351819900000 -0.03496178741191300000
0.96459083988457000000 -0.03467225357140730000
0.96964783074336900000 -0.03437241042620030000
0.97470471510108600000 -0.03406983020319550000
0.97976106695339600000 -0.03375674897354260000
0.98481816431327700000 -0.03345958965559250000
0.98987813720236200000 -0.03321268819806130000
0.99493928160334400000 -0.03299324271937310000
1.00000000000000000000 -0.03276219927289580000