Airfoil 2800,502.278000,3386.687100,-2800.00,0.00,0.00
Airfoil 2765,509.603000,3355.354200,-2765.00,0.00,0.00
Airfoil 2730,517.481300,3324.066100,-2730.00,0.00,0.00
Airfoil 2695,524.990700,3292.777900,-2695.00,0.00,0.00
Airfoil 2660,532.716400,3261.489800,-2660.00,0.00,0.00
Airfoil 2625,540.454300,3230.201700,-2625.00,0.00,0.00
Airfoil 2590,548.322600,3198.913500,-2590.00,0.00,0.00
Airfoil 2555,556.136300,3167.625500,-2555.00,0.00,0.00
Airfoil 2520,564.075100,3136.337300,-2520.00,0.00,0.00
Airfoil 2380,594.722200,3011.184700,-2380.00,0.00,0.00
Airfoil 2240,625.992200,2886.032200,-2240.00,0.00,0.00
Airfoil 2100,656.788300,2760.879700,-2100.00,0.00,0.00
Airfoil 1960,687.748600,2635.727100,-1960.00,0.00,0.00
Airfoil 1820,718.688100,2510.574600,-1820.00,0.00,0.00
Airfoil 1680,749.159500,2385.422100,-1680.00,0.00,0.00
Airfoil 1540,779.856700,2260.269600,-1540.00,0.00,0.00
Airfoil 1400,810.522100,2135.117100,-1400.00,0.00,0.00
Airfoil 1260,841.147700,2009.964700,-1260.00,0.00,0.00
Airfoil 1225,848.810800,1978.676600,-1225.00,0.00,0.00
Airfoil 1190,856.450000,1947.388600,-1190.00,0.00,0.00
Airfoil 1155,864.214000,1916.100500,-1155.00,0.00,0.00
Airfoil 1120,873.083600,1884.740800,-1120.00,0.00,0.00
Airfoil 1085,899.104200,1849.601100,-1085.00,0.00,0.00
Airfoil 1050,938.957600,1809.823200,-1050.00,0.00,0.00
Airfoil 1015,986.291300,1767.661300,-1015.00,0.00,0.00
Airfoil 980,1038.270500,1724.117300,-980.00,0.00,0.00
Airfoil 945,1093.512500,1679.655900,-945.00,0.00,0.00
Airfoil 910,1151.337000,1634.527900,-910.00,0.00,0.00
Airfoil 875,1211.008100,1588.881300,-875.00,0.00,0.00
Airfoil 840,1272.466300,1542.809900,-840.00,0.00,0.00
Airfoil 805,1335.144900,1496.374500,-805.00,0.00,0.00
Airfoil 770,1399.046200,1449.614900,-770.00,0.00,0.00
Airfoil 735,1463.905500,1402.554700,-735.00,0.00,0.00
Airfoil 700,1529.270500,1355.203300,-700.00,0.00,0.00
Airfoil 665,1595.522700,1307.555200,-665.00,0.00,0.00
Airfoil 630,1662.579500,1259.585200,-630.00,0.00,0.00
Airfoil 595,1730.329800,1211.232500,-595.00,0.00,0.00
Airfoil 560,1797.669300,1162.354500,-560.00,0.00,0.00
Airfoil 525,1865.422300,1112.502800,-525.00,0.00,0.00
Airfoil 490,1939.441700,1054.281200,-490.00,0.00,0.00
Airfoil 455,2035.374500,974.265800,-455.00,0.00,0.00
Airfoil 420,2138.821290,886.659210,-420.00,0.00,0.00
Airfoil 385,2245.531700,795.423200,-385.00,0.00,0.00
Airfoil 350,2354.157260,702.073240,-350.00,0.00,0.00
Airfoil 315,2463.574930,607.492970,-315.00,0.00,0.00
Airfoil 280,2573.271970,512.389930,-280.00,0.00,0.00
Airfoil 245,2682.703400,417.520100,-245.00,0.00,0.00
Airfoil 210,2790.083550,323.900250,-210.00,0.00,0.00
Airfoil 175,2893.085700,233.164400,-175.00,0.00,0.00
Airfoil 140,2990.621290,148.287610,-140.00,0.00,0.00
Airfoil 105,3074.909678,75.079522,-105.00,0.00,0.00
Airfoil 70,3135.891702,23.833198,-70.00,0.00,0.00
Airfoil 35,3164.800549,2.589251,-35.00,0.00,0.00
Airfoil 0,3170.882400,0.000000,0.00,0.00,0.00
Airfoil 35,3164.800549,2.589251,35.00,0.00,0.00
Airfoil 70,3135.891702,23.833198,70.00,0.00,0.00
Airfoil 105,3074.909678,75.079522,105.00,0.00,0.00
Airfoil 140,2990.621290,148.287610,140.00,0.00,0.00
Airfoil 175,2893.085700,233.164400,175.00,0.00,0.00
Airfoil 210,2790.083550,323.900250,210.00,0.00,0.00
Airfoil 245,2682.703400,417.520100,245.00,0.00,0.00
Airfoil 280,2573.271970,512.389930,280.00,0.00,0.00
Airfoil 315,2463.574930,607.492970,315.00,0.00,0.00
Airfoil 350,2354.157260,702.073240,350.00,0.00,0.00
Airfoil 385,2245.531700,795.423200,385.00,0.00,0.00
Airfoil 420,2138.821290,886.659210,420.00,0.00,0.00
Airfoil 455,2035.374500,974.265800,455.00,0.00,0.00
Airfoil 490,1939.441700,1054.281200,490.00,0.00,0.00
Airfoil 525,1865.422300,1112.502800,525.00,0.00,0.00
Airfoil 560,1797.669300,1162.354500,560.00,0.00,0.00
Airfoil 595,1730.329800,1211.232500,595.00,0.00,0.00
Airfoil 630,1662.579500,1259.585200,630.00,0.00,0.00
Airfoil 665,1595.522700,1307.555200,665.00,0.00,0.00
Airfoil 700,1529.270500,1355.203300,700.00,0.00,0.00
Airfoil 735,1463.905500,1402.554700,735.00,0.00,0.00
Airfoil 770,1399.046200,1449.614900,770.00,0.00,0.00
Airfoil 805,1335.144900,1496.374500,805.00,0.00,0.00
Airfoil 840,1272.466300,1542.809900,840.00,0.00,0.00
Airfoil 875,1211.008100,1588.881300,875.00,0.00,0.00
Airfoil 910,1151.337000,1634.527900,910.00,0.00,0.00
Airfoil 945,1093.512500,1679.655900,945.00,0.00,0.00
Airfoil 980,1038.270500,1724.117300,980.00,0.00,0.00
Airfoil 1015,986.291300,1767.661300,1015.00,0.00,0.00
Airfoil 1050,938.957600,1809.823200,1050.00,0.00,0.00
Airfoil 1085,899.104200,1849.601100,1085.00,0.00,0.00
Airfoil 1120,873.083600,1884.740800,1120.00,0.00,0.00
Airfoil 1155,864.214000,1916.100500,1155.00,0.00,0.00
Airfoil 1190,856.450000,1947.388600,1190.00,0.00,0.00
Airfoil 1225,848.810800,1978.676600,1225.00,0.00,0.00
Airfoil 1260,841.147700,2009.964700,1260.00,0.00,0.00
Airfoil 1400,810.522100,2135.117100,1400.00,0.00,0.00
Airfoil 1540,779.856700,2260.269600,1540.00,0.00,0.00
Airfoil 1680,749.159500,2385.422100,1680.00,0.00,0.00
Airfoil 1820,718.688100,2510.574600,1820.00,0.00,0.00
Airfoil 1960,687.748600,2635.727100,1960.00,0.00,0.00
Airfoil 2100,656.788300,2760.879700,2100.00,0.00,0.00
Airfoil 2240,625.992200,2886.032200,2240.00,0.00,0.00
Airfoil 2380,594.722200,3011.184700,2380.00,0.00,0.00
Airfoil 2520,564.075100,3136.337300,2520.00,0.00,0.00
Airfoil 2555,556.136300,3167.625500,2555.00,0.00,0.00
Airfoil 2590,548.322600,3198.913500,2590.00,0.00,0.00
Airfoil 2625,540.454300,3230.201700,2625.00,0.00,0.00
Airfoil 2660,532.716400,3261.489800,2660.00,0.00,0.00
Airfoil 2695,524.990700,3292.777900,2695.00,0.00,0.00
Airfoil 2730,517.481300,3324.066100,2730.00,0.00,0.00
Airfoil 2765,509.603000,3355.354200,2765.00,0.00,0.00
Airfoil 2800,502.278000,3386.687100,2800.00,0.00,0.00